0.266666666666667 0.00392156862745098 0.329411764705882
0.266666666666667 0.0117647058823529 0.337254901960784
0.270588235294118 0.0196078431372549 0.345098039215686
0.274509803921569 0.0274509803921569 0.352941176470588
0.274509803921569 0.0313725490196078 0.36078431372549
0.274509803921569 0.0392156862745098 0.364705882352941
0.27843137254902 0.0470588235294118 0.372549019607843
0.27843137254902 0.0549019607843137 0.380392156862745
0.27843137254902 0.0627450980392157 0.388235294117647
0.27843137254902 0.0705882352941176 0.392156862745098
0.282352941176471 0.0784313725490196 0.403921568627451
0.282352941176471 0.0862745098039216 0.407843137254902
0.282352941176471 0.0901960784313725 0.411764705882353
0.282352941176471 0.0980392156862745 0.419607843137255
0.282352941176471 0.105882352941176 0.427450980392157
0.282352941176471 0.109803921568627 0.431372549019608
0.282352941176471 0.117647058823529 0.43921568627451
0.282352941176471 0.125490196078431 0.443137254901961
0.282352941176471 0.129411764705882 0.450980392156863
0.282352941176471 0.137254901960784 0.454901960784314
0.282352941176471 0.145098039215686 0.462745098039216
0.282352941176471 0.149019607843137 0.466666666666667
0.282352941176471 0.156862745098039 0.470588235294118
0.282352941176471 0.16078431372549 0.47843137254902
0.27843137254902 0.172549019607843 0.47843137254902
0.27843137254902 0.176470588235294 0.482352941176471
0.27843137254902 0.180392156862745 0.486274509803922
0.274509803921569 0.184313725490196 0.494117647058824
0.274509803921569 0.196078431372549 0.494117647058824
0.274509803921569 0.2 0.498039215686275
0.274509803921569 0.203921568627451 0.505882352941176
0.270588235294118 0.211764705882353 0.505882352941176
0.270588235294118 0.219607843137255 0.509803921568627
0.266666666666667 0.223529411764706 0.513725490196078
0.266666666666667 0.227450980392157 0.517647058823529
0.262745098039216 0.23921568627451 0.517647058823529
0.262745098039216 0.243137254901961 0.52156862745098
0.258823529411765 0.247058823529412 0.52156862745098
0.258823529411765 0.254901960784314 0.525490196078431
0.254901960784314 0.258823529411765 0.529411764705882
0.254901960784314 0.266666666666667 0.529411764705882
0.250980392156863 0.274509803921569 0.533333333333333
0.247058823529412 0.27843137254902 0.533333333333333
0.247058823529412 0.282352941176471 0.537254901960784
0.243137254901961 0.286274509803922 0.537254901960784
0.243137254901961 0.294117647058824 0.541176470588235
0.23921568627451 0.301960784313725 0.541176470588235
0.23921568627451 0.305882352941176 0.541176470588235
0.235294117647059 0.313725490196078 0.545098039215686
0.231372549019608 0.317647058823529 0.545098039215686
0.231372549019608 0.32156862745098 0.545098039215686
0.227450980392157 0.325490196078431 0.545098039215686
0.223529411764706 0.333333333333333 0.549019607843137
0.223529411764706 0.337254901960784 0.549019607843137
0.219607843137255 0.345098039215686 0.549019607843137
0.219607843137255 0.349019607843137 0.549019607843137
0.215686274509804 0.356862745098039 0.552941176470588
0.211764705882353 0.36078431372549 0.552941176470588
0.211764705882353 0.364705882352941 0.552941176470588
0.207843137254902 0.372549019607843 0.552941176470588
0.203921568627451 0.376470588235294 0.552941176470588
0.203921568627451 0.380392156862745 0.552941176470588
0.2 0.384313725490196 0.552941176470588
0.196078431372549 0.392156862745098 0.556862745098039
0.196078431372549 0.396078431372549 0.556862745098039
0.192156862745098 0.4 0.556862745098039
0.192156862745098 0.407843137254902 0.556862745098039
0.188235294117647 0.411764705882353 0.556862745098039
0.188235294117647 0.415686274509804 0.556862745098039
0.184313725490196 0.419607843137255 0.556862745098039
0.180392156862745 0.427450980392157 0.556862745098039
0.180392156862745 0.431372549019608 0.556862745098039
0.180392156862745 0.435294117647059 0.556862745098039
0.176470588235294 0.443137254901961 0.556862745098039
0.172549019607843 0.443137254901961 0.556862745098039
0.172549019607843 0.447058823529412 0.556862745098039
0.172549019607843 0.450980392156863 0.556862745098039
0.168627450980392 0.458823529411765 0.556862745098039
0.164705882352941 0.462745098039216 0.556862745098039
0.164705882352941 0.466666666666667 0.556862745098039
0.16078431372549 0.474509803921569 0.556862745098039
0.16078431372549 0.47843137254902 0.556862745098039
0.16078431372549 0.482352941176471 0.556862745098039
0.156862745098039 0.486274509803922 0.556862745098039
0.152941176470588 0.494117647058824 0.556862745098039
0.152941176470588 0.498039215686275 0.556862745098039
0.152941176470588 0.501960784313725 0.556862745098039
0.149019607843137 0.509803921568627 0.556862745098039
0.149019607843137 0.509803921568627 0.556862745098039
0.145098039215686 0.513725490196078 0.556862745098039
0.145098039215686 0.517647058823529 0.556862745098039
0.141176470588235 0.525490196078431 0.556862745098039
0.141176470588235 0.529411764705882 0.556862745098039
0.137254901960784 0.533333333333333 0.556862745098039
0.137254901960784 0.537254901960784 0.556862745098039
0.133333333333333 0.545098039215686 0.552941176470588
0.133333333333333 0.549019607843137 0.552941176470588
0.133333333333333 0.552941176470588 0.552941176470588
0.129411764705882 0.56078431372549 0.552941176470588
0.129411764705882 0.564705882352941 0.552941176470588
0.129411764705882 0.568627450980392 0.549019607843137
0.125490196078431 0.572549019607843 0.549019607843137
0.125490196078431 0.576470588235294 0.549019607843137
0.12156862745098 0.580392156862745 0.549019607843137
0.12156862745098 0.584313725490196 0.545098039215686
0.12156862745098 0.592156862745098 0.545098039215686
0.12156862745098 0.596078431372549 0.545098039215686
0.12156862745098 0.6 0.541176470588235
0.12156862745098 0.603921568627451 0.541176470588235
0.117647058823529 0.611764705882353 0.537254901960784
0.117647058823529 0.615686274509804 0.537254901960784
0.12156862745098 0.619607843137255 0.537254901960784
0.12156862745098 0.623529411764706 0.533333333333333
0.12156862745098 0.631372549019608 0.533333333333333
0.12156862745098 0.631372549019608 0.529411764705882
0.12156862745098 0.635294117647059 0.529411764705882
0.125490196078431 0.643137254901961 0.525490196078431
0.129411764705882 0.647058823529412 0.52156862745098
0.129411764705882 0.650980392156863 0.52156862745098
0.133333333333333 0.654901960784314 0.52156862745098
0.137254901960784 0.662745098039216 0.513725490196078
0.141176470588235 0.666666666666667 0.513725490196078
0.145098039215686 0.670588235294118 0.509803921568627
0.149019607843137 0.67843137254902 0.505882352941176
0.152941176470588 0.67843137254902 0.505882352941176
0.156862745098039 0.682352941176471 0.501960784313725
0.16078431372549 0.686274509803922 0.498039215686275
0.172549019607843 0.694117647058824 0.494117647058824
0.176470588235294 0.698039215686274 0.490196078431373
0.180392156862745 0.701960784313725 0.486274509803922
0.188235294117647 0.709803921568627 0.482352941176471
0.196078431372549 0.713725490196078 0.47843137254902
0.203921568627451 0.713725490196078 0.474509803921569
0.211764705882353 0.717647058823529 0.474509803921569
0.219607843137255 0.725490196078431 0.466666666666667
0.227450980392157 0.729411764705882 0.462745098039216
0.231372549019608 0.733333333333333 0.458823529411765
0.243137254901961 0.737254901960784 0.450980392156863
0.250980392156863 0.741176470588235 0.447058823529412
0.258823529411765 0.745098039215686 0.443137254901961
0.270588235294118 0.749019607843137 0.43921568627451
0.27843137254902 0.756862745098039 0.431372549019608
0.290196078431373 0.756862745098039 0.427450980392157
0.298039215686275 0.76078431372549 0.423529411764706
0.309803921568627 0.764705882352941 0.415686274509804
0.32156862745098 0.772549019607843 0.411764705882353
0.329411764705882 0.772549019607843 0.407843137254902
0.341176470588235 0.776470588235294 0.4
0.349019607843137 0.784313725490196 0.392156862745098
0.36078431372549 0.784313725490196 0.388235294117647
0.368627450980392 0.788235294117647 0.384313725490196
0.380392156862745 0.796078431372549 0.372549019607843
0.396078431372549 0.796078431372549 0.368627450980392
0.403921568627451 0.8 0.36078431372549
0.415686274509804 0.803921568627451 0.356862745098039
0.427450980392157 0.807843137254902 0.349019607843137
0.43921568627451 0.811764705882353 0.341176470588235
0.450980392156863 0.815686274509804 0.337254901960784
0.462745098039216 0.815686274509804 0.329411764705882
0.474509803921569 0.819607843137255 0.317647058823529
0.486274509803922 0.823529411764706 0.313725490196078
0.501960784313725 0.827450980392157 0.305882352941176
0.513725490196078 0.827450980392157 0.298039215686275
0.525490196078431 0.835294117647059 0.286274509803922
0.537254901960784 0.835294117647059 0.282352941176471
0.549019607843137 0.83921568627451 0.274509803921569
0.56078431372549 0.843137254901961 0.266666666666667
0.576470588235294 0.843137254901961 0.254901960784314
0.588235294117647 0.847058823529412 0.250980392156863
0.603921568627451 0.850980392156863 0.23921568627451
0.615686274509804 0.850980392156863 0.231372549019608
0.627450980392157 0.854901960784314 0.223529411764706
0.63921568627451 0.854901960784314 0.215686274509804
0.654901960784314 0.858823529411765 0.207843137254902
0.666666666666667 0.862745098039216 0.196078431372549
0.682352941176471 0.862745098039216 0.188235294117647
0.694117647058824 0.866666666666667 0.180392156862745
0.705882352941177 0.870588235294118 0.168627450980392
0.72156862745098 0.870588235294118 0.16078431372549
0.733333333333333 0.870588235294118 0.152941176470588
0.749019607843137 0.874509803921569 0.145098039215686
0.76078431372549 0.874509803921569 0.137254901960784
0.776470588235294 0.87843137254902 0.129411764705882
0.788235294117647 0.87843137254902 0.125490196078431
0.8 0.882352941176471 0.113725490196078
0.815686274509804 0.882352941176471 0.109803921568627
0.827450980392157 0.886274509803922 0.105882352941176
0.843137254901961 0.886274509803922 0.0980392156862745
0.854901960784314 0.890196078431372 0.0980392156862745
0.866666666666667 0.890196078431372 0.0941176470588235
0.87843137254902 0.890196078431372 0.0941176470588235
0.894117647058824 0.894117647058824 0.0980392156862745
0.905882352941176 0.894117647058824 0.0980392156862745
0.92156862745098 0.898039215686275 0.101960784313725
0.933333333333333 0.898039215686275 0.109803921568627
0.945098039215686 0.898039215686275 0.113725490196078
0.956862745098039 0.901960784313726 0.117647058823529
0.968627450980392 0.901960784313726 0.125490196078431
0.980392156862745 0.905882352941176 0.133333333333333
0.992156862745098 0.905882352941176 0.145098039215686
