0.231372549019608 0.603921568627451 0.698039215686274
0.235294117647059 0.603921568627451 0.698039215686274
0.23921568627451 0.607843137254902 0.698039215686274
0.243137254901961 0.607843137254902 0.701960784313725
0.247058823529412 0.611764705882353 0.701960784313725
0.254901960784314 0.611764705882353 0.701960784313725
0.258823529411765 0.615686274509804 0.705882352941177
0.262745098039216 0.619607843137255 0.705882352941177
0.266666666666667 0.619607843137255 0.709803921568627
0.274509803921569 0.623529411764706 0.709803921568627
0.27843137254902 0.623529411764706 0.709803921568627
0.282352941176471 0.627450980392157 0.713725490196078
0.286274509803922 0.627450980392157 0.713725490196078
0.290196078431373 0.631372549019608 0.713725490196078
0.298039215686275 0.635294117647059 0.717647058823529
0.301960784313725 0.635294117647059 0.717647058823529
0.305882352941176 0.63921568627451 0.72156862745098
0.309803921568627 0.63921568627451 0.72156862745098
0.317647058823529 0.643137254901961 0.72156862745098
0.32156862745098 0.647058823529412 0.725490196078431
0.325490196078431 0.647058823529412 0.725490196078431
0.329411764705882 0.650980392156863 0.729411764705882
0.333333333333333 0.650980392156863 0.729411764705882
0.341176470588235 0.654901960784314 0.729411764705882
0.345098039215686 0.654901960784314 0.733333333333333
0.349019607843137 0.658823529411765 0.733333333333333
0.352941176470588 0.662745098039216 0.733333333333333
0.36078431372549 0.662745098039216 0.737254901960784
0.364705882352941 0.666666666666667 0.737254901960784
0.368627450980392 0.666666666666667 0.741176470588235
0.372549019607843 0.670588235294118 0.741176470588235
0.380392156862745 0.674509803921569 0.741176470588235
0.384313725490196 0.674509803921569 0.745098039215686
0.388235294117647 0.67843137254902 0.745098039215686
0.392156862745098 0.67843137254902 0.745098039215686
0.396078431372549 0.682352941176471 0.749019607843137
0.403921568627451 0.682352941176471 0.749019607843137
0.407843137254902 0.686274509803922 0.752941176470588
0.411764705882353 0.690196078431373 0.752941176470588
0.415686274509804 0.690196078431373 0.752941176470588
0.423529411764706 0.694117647058824 0.756862745098039
0.427450980392157 0.694117647058824 0.756862745098039
0.431372549019608 0.698039215686274 0.76078431372549
0.435294117647059 0.701960784313725 0.76078431372549
0.43921568627451 0.701960784313725 0.76078431372549
0.447058823529412 0.705882352941177 0.764705882352941
0.450980392156863 0.705882352941177 0.764705882352941
0.454901960784314 0.709803921568627 0.764705882352941
0.458823529411765 0.709803921568627 0.768627450980392
0.466666666666667 0.713725490196078 0.768627450980392
0.470588235294118 0.717647058823529 0.768627450980392
0.47843137254902 0.717647058823529 0.756862745098039
0.490196078431373 0.717647058823529 0.741176470588235
0.498039215686275 0.72156862745098 0.729411764705882
0.505882352941176 0.72156862745098 0.717647058823529
0.517647058823529 0.725490196078431 0.705882352941177
0.525490196078431 0.725490196078431 0.694117647058824
0.533333333333333 0.729411764705882 0.682352941176471
0.545098039215686 0.729411764705882 0.670588235294118
0.552941176470588 0.729411764705882 0.658823529411765
0.56078431372549 0.733333333333333 0.647058823529412
0.572549019607843 0.733333333333333 0.631372549019608
0.580392156862745 0.737254901960784 0.619607843137255
0.588235294117647 0.737254901960784 0.607843137254902
0.596078431372549 0.741176470588235 0.596078431372549
0.607843137254902 0.741176470588235 0.584313725490196
0.615686274509804 0.741176470588235 0.572549019607843
0.623529411764706 0.745098039215686 0.56078431372549
0.635294117647059 0.745098039215686 0.549019607843137
0.643137254901961 0.749019607843137 0.537254901960784
0.650980392156863 0.749019607843137 0.52156862745098
0.662745098039216 0.749019607843137 0.509803921568627
0.670588235294118 0.752941176470588 0.498039215686275
0.67843137254902 0.752941176470588 0.486274509803922
0.690196078431373 0.756862745098039 0.474509803921569
0.698039215686274 0.756862745098039 0.462745098039216
0.705882352941177 0.76078431372549 0.450980392156863
0.713725490196078 0.76078431372549 0.43921568627451
0.725490196078431 0.76078431372549 0.423529411764706
0.733333333333333 0.764705882352941 0.411764705882353
0.741176470588235 0.764705882352941 0.4
0.752941176470588 0.768627450980392 0.388235294117647
0.76078431372549 0.768627450980392 0.376470588235294
0.768627450980392 0.772549019607843 0.364705882352941
0.780392156862745 0.772549019607843 0.352941176470588
0.788235294117647 0.772549019607843 0.341176470588235
0.796078431372549 0.776470588235294 0.329411764705882
0.807843137254902 0.776470588235294 0.313725490196078
0.815686274509804 0.780392156862745 0.301960784313725
0.823529411764706 0.780392156862745 0.290196078431373
0.835294117647059 0.780392156862745 0.27843137254902
0.843137254901961 0.784313725490196 0.266666666666667
0.850980392156863 0.784313725490196 0.254901960784314
0.858823529411765 0.788235294117647 0.243137254901961
0.870588235294118 0.788235294117647 0.231372549019608
0.87843137254902 0.792156862745098 0.219607843137255
0.886274509803922 0.792156862745098 0.203921568627451
0.898039215686275 0.792156862745098 0.192156862745098
0.905882352941176 0.796078431372549 0.180392156862745
0.913725490196078 0.796078431372549 0.168627450980392
0.917647058823529 0.796078431372549 0.16078431372549
0.917647058823529 0.796078431372549 0.156862745098039
0.917647058823529 0.792156862745098 0.152941176470588
0.917647058823529 0.788235294117647 0.152941176470588
0.917647058823529 0.788235294117647 0.149019607843137
0.913725490196078 0.784313725490196 0.145098039215686
0.913725490196078 0.784313725490196 0.141176470588235
0.913725490196078 0.780392156862745 0.137254901960784
0.913725490196078 0.780392156862745 0.133333333333333
0.913725490196078 0.776470588235294 0.129411764705882
0.909803921568627 0.772549019607843 0.129411764705882
0.909803921568627 0.772549019607843 0.125490196078431
0.909803921568627 0.768627450980392 0.12156862745098
0.909803921568627 0.768627450980392 0.117647058823529
0.909803921568627 0.764705882352941 0.113725490196078
0.905882352941176 0.76078431372549 0.109803921568627
0.905882352941176 0.76078431372549 0.109803921568627
0.905882352941176 0.756862745098039 0.105882352941176
0.905882352941176 0.756862745098039 0.101960784313725
0.905882352941176 0.752941176470588 0.0980392156862745
0.901960784313726 0.752941176470588 0.0941176470588235
0.901960784313726 0.749019607843137 0.0901960784313725
0.901960784313726 0.745098039215686 0.0901960784313725
0.901960784313726 0.745098039215686 0.0862745098039216
0.901960784313726 0.741176470588235 0.0823529411764706
0.898039215686275 0.741176470588235 0.0784313725490196
0.898039215686275 0.737254901960784 0.0745098039215686
0.898039215686275 0.733333333333333 0.0705882352941176
0.898039215686275 0.733333333333333 0.0666666666666667
0.898039215686275 0.729411764705882 0.0666666666666667
0.894117647058824 0.729411764705882 0.0627450980392157
0.894117647058824 0.725490196078431 0.0588235294117647
0.894117647058824 0.725490196078431 0.0549019607843137
0.894117647058824 0.72156862745098 0.0509803921568627
0.894117647058824 0.717647058823529 0.0470588235294118
0.890196078431372 0.717647058823529 0.0470588235294118
0.890196078431372 0.713725490196078 0.0431372549019608
0.890196078431372 0.713725490196078 0.0392156862745098
0.890196078431372 0.709803921568627 0.0352941176470588
0.890196078431372 0.705882352941177 0.0313725490196078
0.886274509803922 0.705882352941177 0.0274509803921569
0.886274509803922 0.701960784313725 0.0235294117647059
0.886274509803922 0.701960784313725 0.0235294117647059
0.886274509803922 0.698039215686274 0.0196078431372549
0.886274509803922 0.698039215686274 0.0156862745098039
0.882352941176471 0.694117647058824 0.0117647058823529
0.882352941176471 0.690196078431373 0.00784313725490196
0.882352941176471 0.690196078431373 0.00392156862745098
0.882352941176471 0.686274509803922 0.00392156862745098
0.882352941176471 0.686274509803922 0
0.882352941176471 0.674509803921569 0
0.882352941176471 0.662745098039216 0
0.882352941176471 0.650980392156863 0
0.886274509803922 0.63921568627451 0
0.886274509803922 0.627450980392157 0
0.886274509803922 0.615686274509804 0
0.890196078431372 0.603921568627451 0
0.890196078431372 0.592156862745098 0
0.890196078431372 0.580392156862745 0
0.894117647058824 0.568627450980392 0
0.894117647058824 0.556862745098039 0
0.898039215686275 0.545098039215686 0
0.898039215686275 0.533333333333333 0
0.898039215686275 0.52156862745098 0
0.901960784313726 0.509803921568627 0
0.901960784313726 0.498039215686275 0
0.901960784313726 0.486274509803922 0
0.905882352941176 0.474509803921569 0
0.905882352941176 0.462745098039216 0
0.905882352941176 0.450980392156863 0
0.909803921568627 0.43921568627451 0
0.909803921568627 0.427450980392157 0
0.909803921568627 0.415686274509804 0
0.913725490196078 0.403921568627451 0
0.913725490196078 0.392156862745098 0
0.913725490196078 0.380392156862745 0
0.917647058823529 0.368627450980392 0
0.917647058823529 0.356862745098039 0
0.917647058823529 0.345098039215686 0
0.92156862745098 0.333333333333333 0
0.92156862745098 0.32156862745098 0
0.92156862745098 0.309803921568627 0
0.925490196078431 0.298039215686275 0
0.925490196078431 0.286274509803922 0
0.925490196078431 0.274509803921569 0
0.929411764705882 0.262745098039216 0
0.929411764705882 0.250980392156863 0
0.929411764705882 0.23921568627451 0
0.933333333333333 0.227450980392157 0
0.933333333333333 0.215686274509804 0
0.933333333333333 0.203921568627451 0
0.937254901960784 0.192156862745098 0
0.937254901960784 0.180392156862745 0
0.937254901960784 0.168627450980392 0
0.941176470588235 0.156862745098039 0
0.941176470588235 0.145098039215686 0
0.941176470588235 0.133333333333333 0
0.945098039215686 0.12156862745098 0
0.945098039215686 0.109803921568627 0
0.949019607843137 0.101960784313725 0
