25.8822 54.7866 -8.79794
24.4563 79.3855 -12.573
44.1256 71.9384 -10.2154
10.9229 66.488 -3.97688
25.2744 96.4764 -11.9066
14.708 45.0107 -2.92143
5.99778 93.4092 -3.53432
45.9446 74.2208 5.18839
22.9749 98.9265 4.28711
12.1838 71.2344 7.91136
38.9437 86.8121 3.82668
13.0067 72.8635 22.8462
9.04848 88.3515 27.0727
24.5346 90.0185 19.638
52.4224 5.66222 -1.33527
54.7256 25.6893 9.96377
38.506 21.4303 16.4885
56.2839 5.44797 10.8622
54.869 24.1816 20.3054
57.5544 8.5135 30.8135
47.8862 10.1681 46.8582
7.32962 11.7114 46.6046
49.8695 28.1957 55.1806
40.4431 24.0698 55.7326
32.0839 44.1029 61.6429
32.7169 20.4947 63.6992
29.8288 35.5521 66.0767
20.0389 14.3 68.0278
6.69418 32.0169 67.0305
20.091 31.0949 67.9468
43.6624 48.7446 -18.9515
55.8192 63.0961 -2.13844
26.995 70.6532 38.9466
54.8892 26.0804 40.0084
39.5782 34.8453 44.36
36.512 46.7668 47.4166
16.0701 71.3256 55.0685
30.5087 57.9802 59.7726
5.05181 58.9669 56.7594
19.1223 50.3439 69.096
33.032 7.19474 52.4645
22.2594 0.277359 63.4691
48.1148 -5.53999 28.95
57.8509 42.3147 21.6178
62.5207 27.8261 28.4368
61.841 41.5726 35.8292
40.5873 3.84441 -3.66142
34.7613 -21.1123 4.29202
39.6178 -0.989288 11.2174
52.7138 -9.50847 10.1212
33.7242 -38.8998 30.438
6.63141 -10.3776 40.7106
11.2944 35.8722 47.3556
5.48307 4.70032 61.5782
24.5807 -21.846 -21.2972
11.1279 -35.1424 -21.5509
31.177 7.0154 -38.6374
47.8173 22.8109 -28.9728
28.5703 -9.01451 -34.905
43.8619 -6.64029 -19.0425
52.8858 53.8174 43.4383
35.658 61.8756 46.66
48.7617 40.9426 46.6525
61.0528 47.2415 -12.8015
33.5713 -41.8744 -13.9226
43.279 -48.4594 -7.88568
29.3475 -57.0009 5.98758
44.2564 -39.8596 14.3788
45.7631 -19.1105 27.4053
43.1696 -1.53069 44.1548
10.7817 73.329 37.3226
4.65031 30.2793 27.3226
2.8549 -3.97058 30.6863
48.8807 -6.31857 -32.2462
62.2583 24.4542 -20.2958
57.7732 9.20505 -11.7887
58.8029 34.0659 -2.19086
59.7407 43.9903 7.62543
49.4582 59.0822 13.8191
38.8927 82.2886 26.5803
55.9186 57.5877 25.3083
45.5361 69.0253 33.2207
35.9282 -20.8857 -13.6448
6.50825 -34.9012 -12.144
47.08 -30.9 -7.61
14.0351 -62.8775 -7.63226
52.6395 -22.3086 7.87709
7.2883 -42.2336 5.88134
10.1389 -57.8983 15.3755
6.1701 -28.4668 24.5427
14.1419 -45.0174 41.9924
5.02307 -31.1652 42.2024
41.4043 -13.0862 49.3977
25.8426 -22.2005 48.6838
10.3277 -13.3002 63.3423
11.7659 56.5436 13.5181
5.15818 54.8222 27.6699
3.26013 28.0498 38.7843
6.30806 55.0219 42.8099
26.3569 32.2018 -17.6185
-37.1895 36.2708 -22.6109
-26.77 36.2229 -14.4536
-26.6809 70.3631 -11.5607
-12.3138 64.9661 -4.2681
-45.8459 74.5548 -5.30749
-11.139 91.799 -4.26678
-14.7562 45.9017 -0.994049
-28.0795 93.9091 -3.56393
-9.00539 75.507 9.67737
-21.504 60.349 8.20843
-37.6625 83.3779 10.7336
-17.4714 90.5289 21.9433
-10.7944 73.614 25.3181
-15.1357 84.7096 38.2828
-31.1438 76.2107 30.9744
-53.0816 15.6409 6.70173
-64.3375 28.4375 9.6875
-38.3286 13.6718 15.6686
-42.3371 28.147 19.2262
-59.0083 -0.259583 11.3646
-56.5939 15.3122 16.7722
-57.5896 5.46014 30.6302
-8.9783 15.3053 42.7651
-49.1367 23.3446 51.9892
-45.5862 10.8542 48.8725
-6.06641 12.0496 51.0965
-37.0614 25.1462 58.3873
-31.1917 44.5864 62.9873
-31.4475 20.4089 64.025
-26.8205 35.7366 66.0361
-21.18 12.0789 66.9117
-9.52402 41.5066 69.8227
-5.57799 25.5187 68.0296
-18.002 30.7223 69.8371
-47.7 55.8536 -14.8953
-50.7874 61.8793 8.70414
-57.8385 19.6437 36.3457
-43.9606 41.1119 47.2205
-37.9344 36.8202 46.5959
-14.5114 74.3588 51.0085
-31.9388 54.8576 50.2969
-24.7899 65.0462 54.4641
-7.70057 58.2008 59.6659
-19.8439 53.0155 68.4849
-35.4132 4.9985 53.2211
-24.2968 -0.694412 60.4032
-51.1929 -10.8819 21.2227
-55.4248 49.2134 12.4913
-58.6429 43.9076 19.6266
-59.6647 30.7731 32.8344
-49.5241 -2.38698 43.1598
-41.1148 -5.76387 -15.7251
-46.3247 3.95102 -3.95878
-34.8091 -24.4 5.04095
-43.2923 -7.28311 4.3082
-6.72828 -7.49103 41.1241
-10.3304 36.5715 48.7472
-8.0934 0.722687 64.9901
-11.3117 -37.9862 -22.4912
-28.0884 -22.598 -19.848
-13.2391 -64.5987 -11.2902
-29.1654 -7.99791 -39.0166
-46.1018 13.0278 -35.5775
-23.6279 10.9086 -32.0898
-55.7647 46.246 38.5468
-45.4109 52.7376 50.4167
-35.0238 68.3982 43.4274
-60.3521 46.3092 -11.7853
-33.9802 -21.8727 -8.27791
-33.6216 -47.1548 -13.6066
-28.0676 -59.7085 -0.577133
-41.797 -47.135 8.3336
-44.8552 -26.3931 23.5276
-28.8908 -49.5741 24.0934
-37.8736 -28.8479 38.9689
-40.9862 -12.3341 48.6059
-13.5356 69.0733 35.5512
-4.23645 25.6734 30.6159
-3.85625 -3.96696 30.1411
-6.801 -28.2884 29.3599
-6.64625 -22.1495 53.3638
-43.967 75.4633 26.933
-50.5626 58.6537 28.2137
-45.6286 66.5357 43.4214
-46.3102 -12.4695 -30.9361
-60.5596 17.2395 -20.2183
-54.8053 8.91347 -9.0174
-61.7184 32.0353 -3.56736
-51.0846 35.7646 4.65976
-50.2626 -28.5666 0.222145
-3.90165 -35.6428 -15.8887
-7.51294 -41.0836 3.02637
-4.71487 -28.8135 15.8338
-8.12242 -57.5472 15.4368
-14.2553 -43.0579 44.3842
-25.85 -25.0827 46.7498
-22.1716 -15.4773 58.1567
-12.6006 55.2334 15.7331
-5.91245 48.6422 31.5126
-5.97434 57.0702 45.0466
