#Subj:	10772
#Run:	8
#Age:	15
#Gender:	male
#09-May-2014
IEV	   8	 442	   8	   0	1.905268e+000	  35	  35	8.125715e-001	2.836019e+001	1605	 115	  99	 114	  97	 109	scram	scram_16.png	
IEV	   8	 443	   8	   0	7.353469e+000	  66	  66	6.272063e-001	4.170579e+001	2777	 115	  99	 114	  97	 109	scram	scram_3.png	
IEV	   8	 444	   8	   0	1.258504e+001	  74	   0	6.011652e-001	4.444417e+001	2911	 115	  99	 114	  97	 109	scram	scram_8.png	
IEV	   8	 445	   8	   0	1.626720e+001	  19	   0	8.709144e-001	1.644488e+001	 962	 115	  99	 114	  97	 109	scram	scram_4.png	
IEV	   8	 446	   8	   0	2.009924e+001	  31	  31	8.176375e-001	2.540411e+001	1561	 115	  99	 114	  97	 109	scram	scram_12.png	
IEV	   8	 447	   8	   0	2.506429e+001	  58	  58	6.796419e-001	3.969829e+001	2494	 115	  99	 114	  97	 109	scram	scram_6.png	
IEV	   8	 448	   8	   0	3.031255e+001	  68	  68	6.078363e-001	4.103287e+001	2877	 115	  99	 114	  97	 109	scram	scram_14.png	
IEV	   8	 449	   8	   0	3.389471e+001	  26	  26	8.622879e-001	2.282525e+001	1086	 115	  99	 114	  97	 109	scram	scram_2.png	
IEV	   8	 450	   8	   0	3.920962e+001	  66	  66	6.144653e-001	4.062452e+001	2843	 115	  99	 114	  97	 109	scram	scram_17.png	
IEV	   8	 451	   8	   0	4.280842e+001	  21	  21	8.731882e-001	1.873097e+001	 926	 115	  99	 114	  97	 109	scram	scram_7.png	
IEV	   8	 452	   8	   0	4.685712e+001	  33	  33	7.977195e-001	2.658755e+001	1727	 115	  99	 114	  97	 109	scram	scram_5.png	
IEV	   8	 453	   8	   0	5.195543e+001	  50	   0	7.002892e-001	3.480038e+001	2376	 115	  99	 114	  97	 109	scram	scram_21.png	
IEV	   8	 454	   8	   0	5.755364e+001	  86	   0	5.377031e-001	4.611144e+001	3226	 115	  99	 114	  97	 109	scram	scram_20.png	
IEV	   8	 455	   8	   0	6.276854e+001	  58	   0	6.528804e-001	3.814681e+001	2641	 115	  99	 114	  97	 109	scram	scram_13.png	
IEV	   8	 456	   8	   0	6.753368e+001	  59	  59	6.888371e-001	4.046250e+001	2442	 115	  99	 114	  97	 109	scram	scram_11.png	
IEV	   8	 457	   8	   0	7.094919e+001	  29	  29	8.618390e-001	2.460679e+001	1092	 115	  99	 114	  97	 109	scram	scram_18.png	
IEV	   8	 458	   8	   0	7.511448e+001	  29	  29	8.188797e-001	2.363760e+001	1550	 115	  99	 114	  97	 109	scram	scram_10.png	
IEV	   8	 459	   8	   0	8.017950e+001	  53	  53	6.890125e-001	3.631695e+001	2441	 115	  99	 114	  97	 109	scram	scram_1.png	
IEV	   8	 460	   8	   0	8.606090e+001	  88	  88	5.413954e-001	4.754605e+001	3208	 115	  99	 114	  97	 109	scram	scram_9.png	
IEV	   8	 461	   8	   0	8.960971e+001	  31	  31	8.553282e-001	2.626673e+001	1175	 115	  99	 114	  97	 109	scram	scram_19.png	
IEV	   8	 462	   8	   0	9.482468e+001	  62	   0	6.435372e-001	4.005457e+001	2691	 115	  99	 114	  97	 109	scram	scram_15.png	
IEV	   8	 463	   8	   0	9.945646e+001	  46	  46	7.518462e-001	3.448301e+001	2057	 115	  99	 114	  97	 109	scram	scram_9.png	
IEV	   8	 464	   8	   0	1.036551e+002	  35	   0	7.852155e-001	2.777342e+001	1823	 115	  99	 114	  97	 109	scram	scram_2.png	
IEV	   8	 465	   8	   0	1.079203e+002	  33	  33	8.084312e-001	2.633848e+001	1640	 115	  99	 114	  97	 109	scram	scram_10.png	
IEV	   8	 466	   8	   0	1.125355e+002	  45	  45	7.468242e-001	3.338484e+001	2090	 115	  99	 114	  97	 109	scram	scram_14.png	
IEV	   8	 467	   8	   0	1.168676e+002	  34	   0	7.874813e-001	2.677465e+001	1806	 115	  99	 114	  97	 109	scram	scram_5.png	
IEV	   8	 468	   8	   0	1.202830e+002	  24	   0	8.656326e-001	2.065632e+001	1040	 115	  99	 114	  97	 109	scram	scram_3.png	
IEV	   8	 469	   8	   0	1.250981e+002	  47	  47	7.065982e-001	3.291491e+001	2339	 115	  99	 114	  97	 109	scram	scram_16.png	
IEV	   8	 470	   8	   0	1.306129e+002	  63	  63	6.346517e-001	3.998145e+001	2738	 115	  99	 114	  97	 109	scram	scram_20.png	
IEV	   8	 471	   8	   0	1.355448e+002	  62	  62	6.686701e-001	4.175061e+001	2555	 115	  99	 114	  97	 109	scram	scram_15.png	
IEV	   8	 472	   8	   0	1.404930e+002	  63	   0	6.564000e-001	4.119185e+001	2622	 115	  99	 114	  97	 109	scram	scram_17.png	
IEV	   8	 473	   8	   0	1.456079e+002	  56	  56	6.807104e-001	3.826626e+001	2488	 115	  99	 114	  97	 109	scram	scram_11.png	
IEV	   8	 474	   8	   0	1.506563e+002	  56	  56	6.565847e-001	3.658419e+001	2621	 115	  99	 114	  97	 109	scram	scram_6.png	
IEV	   8	 475	   8	   0	1.542218e+002	  19	  19	8.754771e-001	1.664363e+001	 888	 115	  99	 114	  97	 109	scram	scram_4.png	
IEV	   8	 476	   8	   0	1.589536e+002	  38	  38	7.670270e-001	2.941689e+001	1954	 115	  99	 114	  97	 109	scram	scram_19.png	
IEV	   8	 477	   8	   0	1.621525e+002	  21	  21	8.792374e-001	1.870276e+001	 821	 115	  99	 114	  97	 109	scram	scram_13.png	
IEV	   8	 478	   8	   0	1.671842e+002	  53	  53	7.042206e-001	3.732377e+001	2353	 115	  99	 114	  97	 109	scram	scram_1.png	
IEV	   8	 479	   8	   0	1.721659e+002	  50	  50	6.867283e-001	3.441959e+001	2454	 115	  99	 114	  97	 109	scram	scram_21.png	
IEV	   8	 480	   8	   0	1.776974e+002	  72	   0	5.928692e-001	4.252794e+001	2953	 115	  99	 114	  97	 109	scram	scram_8.png	
IEV	   8	 481	   8	   0	1.824458e+002	  39	  39	7.535033e-001	2.907675e+001	2046	 115	  99	 114	  97	 109	scram	scram_7.png	
IEV	   8	 482	   8	   0	1.876275e+002	  67	   0	6.317957e-001	4.205795e+001	2753	 115	  99	 114	  97	 109	scram	scram_18.png	
IEV	   8	 483	   8	   0	1.918428e+002	  28	   0	8.259131e-001	2.288154e+001	1486	 115	  99	 114	  97	 109	scram	scram_12.png	
IEV	   8	 484	   8	   0	1.968411e+002	  62	  62	6.476625e-001	4.043791e+001	2669	 115	  99	 114	  97	 109	scram	scram_21.png	
IEV	   8	 485	   8	   0	2.014563e+002	  40	  40	7.625378e-001	3.057166e+001	1985	 115	  99	 114	  97	 109	scram	scram_2.png	
IEV	   8	 486	   8	   0	2.066379e+002	  59	   0	6.692143e-001	3.970903e+001	2552	 115	  99	 114	  97	 109	scram	scram_6.png	
IEV	   8	 487	   8	   0	2.112697e+002	  38	   0	7.673142e-001	2.939162e+001	1952	 115	  99	 114	  97	 109	scram	scram_7.png	
IEV	   8	 488	   8	   0	2.166179e+002	  70	  70	6.193117e-001	4.341907e+001	2818	 115	  99	 114	  97	 109	scram	scram_18.png	
IEV	   8	 489	   8	   0	2.216330e+002	  56	  56	6.900635e-001	3.831194e+001	2435	 115	  99	 114	  97	 109	scram	scram_3.png	
IEV	   8	 490	   8	   0	2.262814e+002	  43	  43	7.576832e-001	3.250081e+001	2018	 115	  99	 114	  97	 109	scram	scram_13.png	
IEV	   8	 491	   8	   0	2.325794e+002	 123	   0	4.291001e-001	5.276900e+001	3748	 115	  99	 114	  97	 109	scram	scram_20.png	
IEV	   8	 492	   8	   0	2.371779e+002	  42	   0	7.503323e-001	3.160148e+001	2067	 115	  99	 114	  97	 109	scram	scram_14.png	
IEV	   8	 493	   8	   0	2.418597e+002	  51	  51	7.131592e-001	3.668229e+001	2300	 115	  99	 114	  97	 109	scram	scram_9.png	
IEV	   8	 494	   8	   0	2.470913e+002	  57	  57	6.695768e-001	3.834615e+001	2550	 115	  99	 114	  97	 109	scram	scram_11.png	
IEV	   8	 495	   8	   0	2.521896e+002	  62	  62	6.480364e-001	4.041421e+001	2667	 115	  99	 114	  97	 109	scram	scram_15.png	
IEV	   8	 496	   8	   0	2.559717e+002	  20	  20	8.684698e-001	1.766421e+001	 999	 115	  99	 114	  97	 109	scram	scram_19.png	
IEV	   8	 497	   8	   0	2.599204e+002	  31	  31	8.332248e-001	2.623640e+001	1416	 115	  99	 114	  97	 109	scram	scram_12.png	
IEV	   8	 498	   8	   0	2.653519e+002	  81	  81	5.736962e-001	4.649415e+001	3049	 115	  99	 114	  97	 109	scram	scram_1.png	
IEV	   8	 499	   8	   0	2.698338e+002	  41	  41	7.530522e-001	3.062193e+001	2049	 115	  99	 114	  97	 109	scram	scram_16.png	
IEV	   8	 500	   8	   0	2.748821e+002	  63	   0	6.390121e-001	4.034186e+001	2715	 115	  99	 114	  97	 109	scram	scram_17.png	
IEV	   8	 501	   8	   0	2.798638e+002	  47	   0	7.251867e-001	3.434604e+001	2227	 115	  99	 114	  97	 109	scram	scram_8.png	
IEV	   8	 502	   8	   0	2.837292e+002	  32	  32	8.505307e-001	2.683155e+001	1232	 115	  99	 114	  97	 109	scram	scram_10.png	
IEV	   8	 503	   8	   0	2.880278e+002	  37	   0	7.862845e-001	2.924650e+001	1815	 115	  99	 114	  97	 109	scram	scram_5.png	
IEV	   8	 504	   8	   0	2.925763e+002	  39	   0	7.581277e-001	2.943153e+001	2015	 115	  99	 114	  97	 109	scram	scram_4.png	
