#Subj:	10814
#Run:	8
#Age:	16
#Gender:	female
#07-Aug-2014
IEV	   8	 442	   8	   0	2.171454e+000	  40	  40	7.786996e-001	3.148744e+001	1871	 115	  99	 114	  97	 109	scram	scram_16.png	
IEV	   8	 443	   8	   0	5.786919e+000	  23	  23	8.756530e-001	2.011971e+001	 885	 115	  99	 114	  97	 109	scram	scram_3.png	
IEV	   8	 444	   8	   0	9.519032e+000	  31	  31	8.393664e-001	2.640282e+001	1354	 115	  99	 114	  97	 109	scram	scram_8.png	
IEV	   8	 445	   8	   0	1.485060e+001	  53	   0	6.693955e-001	3.568079e+001	2551	 115	  99	 114	  97	 109	scram	scram_4.png	
IEV	   8	 446	   8	   0	2.009887e+001	  71	  71	5.972221e-001	4.227269e+001	2931	 115	  99	 114	  97	 109	scram	scram_12.png	
IEV	   8	 447	   8	   0	2.609689e+001	 102	   0	4.877849e-001	4.999577e+001	3467	 115	  99	 114	  97	 109	scram	scram_6.png	
IEV	   8	 448	   8	   0	3.132852e+001	  64	  64	6.227859e-001	4.010418e+001	2800	 115	  99	 114	  97	 109	scram	scram_14.png	
IEV	   8	 449	   8	   0	3.671008e+001	  71	  71	6.105711e-001	4.330735e+001	2863	 115	  99	 114	  97	 109	scram	scram_2.png	
IEV	   8	 450	   8	   0	4.202499e+001	  64	  64	6.249027e-001	3.997041e+001	2789	 115	  99	 114	  97	 109	scram	scram_17.png	
IEV	   8	 451	   8	   0	4.767324e+001	  70	  70	5.999837e-001	4.210957e+001	2917	 115	  99	 114	  97	 109	scram	scram_7.png	
IEV	   8	 452	   8	   0	5.298805e+001	  70	  70	5.956411e-001	4.177002e+001	2939	 115	  99	 114	  97	 109	scram	scram_5.png	
IEV	   8	 453	   8	   0	5.856958e+001	  64	   0	6.227859e-001	4.010418e+001	2800	 115	  99	 114	  97	 109	scram	scram_21.png	
IEV	   8	 454	   8	   0	6.295144e+001	  40	  40	7.671706e-001	3.093859e+001	1953	 115	  99	 114	  97	 109	scram	scram_20.png	
IEV	   8	 455	   8	   0	6.859960e+001	  73	   0	5.807185e-001	4.264786e+001	3014	 115	  99	 114	  97	 109	scram	scram_13.png	
IEV	   8	 456	   8	   0	7.353130e+001	  62	  62	6.684887e-001	4.176193e+001	2556	 115	  99	 114	  97	 109	scram	scram_11.png	
IEV	   8	 457	   8	   0	7.693019e+001	  28	  28	8.674475e-001	2.387983e+001	1014	 115	  99	 114	  97	 109	scram	scram_18.png	
IEV	   8	 458	   8	   0	8.139538e+001	  35	  35	7.803449e-001	2.744214e+001	1859	 115	  99	 114	  97	 109	scram	scram_10.png	
IEV	   8	 459	   8	   0	8.729346e+001	  84	  84	5.395501e-001	4.547725e+001	3217	 115	  99	 114	  97	 109	scram	scram_1.png	
IEV	   8	 460	   8	   0	9.342476e+001	  98	  98	5.023576e-001	4.935964e+001	3397	 115	  99	 114	  97	 109	scram	scram_9.png	
IEV	   8	 461	   8	   0	9.952277e+001	 118	 118	4.453850e-001	5.261467e+001	3670	 115	  99	 114	  97	 109	scram	scram_19.png	
IEV	   8	 462	   8	   0	1.058707e+002	 121	   0	4.247212e-001	5.122690e+001	3769	 115	  99	 114	  97	 109	scram	scram_15.png	
IEV	   8	 463	   8	   0	1.113855e+002	  74	   0	6.001807e-001	4.449863e+001	2916	 115	  99	 114	  97	 109	scram	scram_9.png	
IEV	   8	 464	   8	   0	1.148844e+002	  22	   0	8.639817e-001	1.914918e+001	1063	 115	  99	 114	  97	 109	scram	scram_2.png	
IEV	   8	 465	   8	   0	1.179667e+002	  17	  17	8.953532e-001	1.499081e+001	 396	 115	  99	 114	  97	 109	scram	scram_10.png	
IEV	   8	 466	   8	   0	1.221820e+002	  34	  34	8.097430e-001	2.782688e+001	1629	 115	  99	 114	  97	 109	scram	scram_14.png	
IEV	   8	 467	   8	   0	1.271303e+002	  48	   0	7.026859e-001	3.391908e+001	2362	 115	  99	 114	  97	 109	scram	scram_5.png	
IEV	   8	 468	   8	   0	1.315956e+002	  42	   0	7.566434e-001	3.182999e+001	2025	 115	  99	 114	  97	 109	scram	scram_3.png	
IEV	   8	 469	   8	   0	1.370771e+002	  68	  68	5.948498e-001	4.062753e+001	2943	 115	  99	 114	  97	 109	scram	scram_16.png	
IEV	   8	 470	   8	   0	1.431918e+002	  87	  87	5.272087e-001	4.611501e+001	3277	 115	  99	 114	  97	 109	scram	scram_20.png	
IEV	   8	 471	   8	   0	1.488399e+002	  90	  90	5.409855e-001	4.864791e+001	3210	 115	  99	 114	  97	 109	scram	scram_15.png	
IEV	   8	 472	   8	   0	1.546213e+002	  98	   0	5.036045e-001	4.930420e+001	3391	 115	  99	 114	  97	 109	scram	scram_17.png	
IEV	   8	 473	   8	   0	1.611192e+002	 125	 125	4.168059e-001	5.195399e+001	3807	 115	  99	 114	  97	 109	scram	scram_11.png	
IEV	   8	 474	   8	   0	1.661675e+002	  54	  54	6.679439e-001	3.578436e+001	2559	 115	  99	 114	  97	 109	scram	scram_6.png	
IEV	   8	 475	   8	   0	1.722322e+002	  88	   0	5.172921e-001	4.558111e+001	3325	 115	  99	 114	  97	 109	scram	scram_4.png	
IEV	   8	 476	   8	   0	1.790966e+002	 141	   0	3.721295e-001	5.242945e+001	4023	 115	  99	 114	  97	 109	scram	scram_19.png	
IEV	   8	 477	   8	   0	1.836784e+002	  45	  45	7.387590e-001	3.328589e+001	2142	 115	  99	 114	  97	 109	scram	scram_13.png	
IEV	   8	 478	   8	   0	1.875771e+002	  27	  27	8.567075e-001	2.353072e+001	1158	 115	  99	 114	  97	 109	scram	scram_1.png	
IEV	   8	 479	   8	   0	1.935085e+002	  88	  88	5.141862e-001	4.522782e+001	3340	 115	  99	 114	  97	 109	scram	scram_21.png	
IEV	   8	 480	   8	   0	2.001729e+002	 142	   0	3.711038e-001	5.283790e+001	4028	 115	  99	 114	  97	 109	scram	scram_8.png	
IEV	   8	 481	   8	   0	2.050215e+002	  40	  40	7.474369e-001	2.959848e+001	2086	 115	  99	 114	  97	 109	scram	scram_7.png	
IEV	   8	 482	   8	   0	2.115359e+002	 145	   0	3.725400e-001	5.390464e+001	4021	 115	  99	 114	  97	 109	scram	scram_18.png	
IEV	   8	 483	   8	   0	2.150014e+002	  17	  17	8.863689e-001	1.489060e+001	 672	 115	  99	 114	  97	 109	scram	scram_12.png	
IEV	   8	 484	   8	   0	2.193334e+002	  41	  41	7.690314e-001	3.154720e+001	1940	 115	  99	 114	  97	 109	scram	scram_21.png	
IEV	   8	 485	   8	   0	2.248649e+002	  67	  67	6.140766e-001	4.126269e+001	2845	 115	  99	 114	  97	 109	scram	scram_2.png	
IEV	   8	 486	   8	   0	2.303797e+002	  69	   0	6.185379e-001	4.284508e+001	2822	 115	  99	 114	  97	 109	scram	scram_6.png	
IEV	   8	 487	   8	   0	2.349282e+002	  35	   0	7.876139e-001	2.754972e+001	1805	 115	  99	 114	  97	 109	scram	scram_7.png	
IEV	   8	 488	   8	   0	2.415427e+002	 146	   0	3.725400e-001	5.427718e+001	4021	 115	  99	 114	  97	 109	scram	scram_18.png	
IEV	   8	 489	   8	   0	2.448583e+002	  22	  22	8.863266e-001	1.932956e+001	 673	 115	  99	 114	  97	 109	scram	scram_3.png	
IEV	   8	 490	   8	   0	2.501232e+002	  59	  59	6.661248e-001	3.924433e+001	2569	 115	  99	 114	  97	 109	scram	scram_13.png	
IEV	   8	 491	   8	   0	2.567377e+002	 146	   0	3.731557e-001	5.463092e+001	4018	 115	  99	 114	  97	 109	scram	scram_20.png	
IEV	   8	 492	   8	   0	2.611363e+002	  36	  36	7.880113e-001	2.830051e+001	1802	 115	  99	 114	  97	 109	scram	scram_14.png	
IEV	   8	 493	   8	   0	2.664845e+002	  73	  73	6.029350e-001	4.374304e+001	2902	 115	  99	 114	  97	 109	scram	scram_9.png	
IEV	   8	 494	   8	   0	2.712163e+002	  41	  41	7.607815e-001	3.148279e+001	1997	 115	  99	 114	  97	 109	scram	scram_11.png	
IEV	   8	 495	   8	   0	2.769811e+002	  89	  89	5.292700e-001	4.706817e+001	3267	 115	  99	 114	  97	 109	scram	scram_15.png	
IEV	   8	 496	   8	   0	2.813296e+002	  28	  28	8.234237e-001	2.315174e+001	1509	 115	  99	 114	  97	 109	scram	scram_19.png	
IEV	   8	 497	   8	   0	2.879441e+002	 144	   0	3.735664e-001	5.387123e+001	4016	 115	  99	 114	  97	 109	scram	scram_12.png	
IEV	   8	 498	   8	   0	2.910264e+002	  23	  23	8.878837e-001	2.084022e+001	 635	 115	  99	 114	  97	 109	scram	scram_1.png	
IEV	   8	 499	   8	   0	2.965080e+002	  72	  72	5.867088e-001	4.229863e+001	2984	 115	  99	 114	  97	 109	scram	scram_16.png	
IEV	   8	 500	   8	   0	3.029391e+002	 143	   0	3.708987e-001	5.321605e+001	4029	 115	  99	 114	  97	 109	scram	scram_17.png	
IEV	   8	 501	   8	   0	3.081208e+002	  52	   0	6.963267e-001	3.648621e+001	2399	 115	  99	 114	  97	 109	scram	scram_8.png	
IEV	   8	 502	   8	   0	3.118862e+002	  29	  29	8.628079e-001	2.534640e+001	1079	 115	  99	 114	  97	 109	scram	scram_10.png	
IEV	   8	 503	   8	   0	3.184674e+002	 144	   0	3.700785e-001	5.324418e+001	4033	 115	  99	 114	  97	 109	scram	scram_5.png	
IEV	   8	 504	   8	   0	3.250652e+002	 140	   0	3.725400e-001	5.204194e+001	4021	 115	  99	 114	  97	 109	scram	scram_4.png	
