#Subj:	10873
#Run:	8
#Age:	17
#Gender:	male
#14-Oct-2014
DEV	   8	 442	   8	   0	3.987865e+000	  81	   0	3.047378e-001	2.464232e+001	3687	 115	  99	 114	  97	 109	scram	scram_11.png	
DEV	   8	 443	   8	   0	6.920231e+000	  72	  72	7.368633e-001	5.289044e+001	 610	 115	  99	 114	  97	 109	scram	scram_7.png	
DEV	   8	 444	   8	   0	9.919264e+000	  76	  76	7.453338e-001	5.628377e+001	 576	 115	  99	 114	  97	 109	scram	scram_19.png	
DEV	   8	 445	   8	   0	1.261833e+001	  74	  74	8.100312e-001	6.021305e+001	 326	 115	  99	 114	  97	 109	scram	scram_20.png	
DEV	   8	 446	   8	   0	1.548404e+001	  71	  71	7.922917e-001	5.622642e+001	 393	 115	  99	 114	  97	 109	scram	scram_1.png	
DEV	   8	 447	   8	   0	1.828312e+001	  74	  74	7.707147e-001	5.680070e+001	 476	 115	  99	 114	  97	 109	scram	scram_16.png	
DEV	   8	 448	   8	   0	2.114885e+001	  66	  66	7.925544e-001	5.227503e+001	 392	 115	  99	 114	  97	 109	scram	scram_4.png	
DEV	   8	 449	   8	   0	2.504757e+001	  74	  74	5.256639e-001	3.864179e+001	1624	 115	  99	 114	  97	 109	scram	scram_9.png	
DEV	   8	 450	   8	   0	2.907964e+001	  82	   0	5.281824e-001	4.354637e+001	1609	 115	  99	 114	  97	 109	scram	scram_13.png	
DEV	   8	 451	   8	   0	3.376143e+001	  80	  80	4.814435e-001	3.835158e+001	1907	 115	  99	 114	  97	 109	scram	scram_14.png	
DEV	   8	 452	   8	   0	3.797719e+001	  77	  77	5.066311e-001	3.901142e+001	1741	 115	  99	 114	  97	 109	scram	scram_12.png	
DEV	   8	 453	   8	   0	4.225868e+001	  82	  82	4.963656e-001	4.083522e+001	1807	 115	  99	 114	  97	 109	scram	scram_18.png	
DEV	   8	 454	   8	   0	4.664053e+001	  80	  80	5.120511e-001	4.089310e+001	1707	 115	  99	 114	  97	 109	scram	scram_8.png	
DEV	   8	 455	   8	   0	5.167224e+001	  78	  78	4.119096e-001	3.195208e+001	2456	 115	  99	 114	  97	 109	scram	scram_2.png	
DEV	   8	 456	   8	   0	5.612088e+001	  75	  75	4.791253e-001	3.580060e+001	1923	 115	  99	 114	  97	 109	scram	scram_6.png	
DEV	   8	 457	   8	   0	6.075268e+001	  79	  79	4.748294e-001	3.743292e+001	1953	 115	  99	 114	  97	 109	scram	scram_21.png	
DEV	   8	 458	   8	   0	6.498449e+001	  78	   0	4.889598e-001	3.836476e+001	1856	 115	  99	 114	  97	 109	scram	scram_15.png	
DEV	   8	 459	   8	   0	6.949966e+001	  83	   0	4.560330e-001	3.800486e+001	2090	 115	  99	 114	  97	 109	scram	scram_5.png	
DEV	   8	 460	   8	   0	7.414814e+001	  84	  84	4.651963e-001	3.911892e+001	2022	 115	  99	 114	  97	 109	scram	scram_17.png	
DEV	   8	 461	   8	   0	7.869664e+001	  76	   0	4.794141e-001	3.629793e+001	1921	 115	  99	 114	  97	 109	scram	scram_3.png	
DEV	   8	 462	   8	   0	8.329510e+001	  83	  83	4.721426e-001	3.914337e+001	1972	 115	  99	 114	  97	 109	scram	scram_10.png	
DEV	   8	 463	   8	   0	8.757704e+001	  75	  75	4.768260e-001	3.565779e+001	1939	 115	  99	 114	  97	 109	scram	scram_13.png	
DEV	   8	 464	   8	   0	9.189236e+001	  74	   0	4.840742e-001	3.562315e+001	1889	 115	  99	 114	  97	 109	scram	scram_2.png	
DEV	   8	 465	   8	   0	9.817360e+001	  87	   0	3.072718e-001	2.666766e+001	3654	 115	  99	 114	  97	 109	scram	scram_11.png	
DEV	   8	 466	   8	   0	1.032552e+002	  79	   0	3.863393e-001	3.064716e+001	2704	 115	  99	 114	  97	 109	scram	scram_5.png	
DEV	   8	 467	   8	   0	1.084202e+002	  82	   0	4.036361e-001	3.302214e+001	2533	 115	  99	 114	  97	 109	scram	scram_7.png	
DEV	   8	 468	   8	   0	1.127855e+002	  83	   0	4.977457e-001	4.142860e+001	1798	 115	  99	 114	  97	 109	scram	scram_9.png	
DEV	   8	 469	   8	   0	1.164509e+002	  80	   0	5.870264e-001	4.692322e+001	1285	 115	  99	 114	  97	 109	scram	scram_12.png	
DEV	   8	 470	   8	   0	1.194333e+002	  75	  75	7.771662e-001	5.866350e+001	 451	 115	  99	 114	  97	 109	scram	scram_3.png	
DEV	   8	 471	   8	   0	1.226323e+002	  74	  74	7.860063e-001	5.830911e+001	 417	 115	  99	 114	  97	 109	scram	scram_17.png	
DEV	   8	 472	   8	   0	1.259145e+002	  77	  77	6.838731e-001	5.288853e+001	 831	 115	  99	 114	  97	 109	scram	scram_1.png	
DEV	   8	 473	   8	   0	1.290301e+002	  75	  75	7.554034e-001	5.680358e+001	 536	 115	  99	 114	  97	 109	scram	scram_16.png	
DEV	   8	 474	   8	   0	1.328122e+002	  75	  75	6.553351e-001	4.923378e+001	 957	 115	  99	 114	  97	 109	scram	scram_14.png	
DEV	   8	 475	   8	   0	1.361944e+002	  72	  72	7.388489e-001	5.298771e+001	 602	 115	  99	 114	  97	 109	scram	scram_4.png	
DEV	   8	 476	   8	   0	1.394434e+002	  76	  76	6.751353e-001	5.102803e+001	 869	 115	  99	 114	  97	 109	scram	scram_21.png	
DEV	   8	 477	   8	   0	1.428756e+002	  69	  69	7.155685e-001	4.967536e+001	 697	 115	  99	 114	  97	 109	scram	scram_18.png	
DEV	   8	 478	   8	   0	1.465743e+002	  75	  75	6.640347e-001	4.972920e+001	 918	 115	  99	 114	  97	 109	scram	scram_19.png	
DEV	   8	 479	   8	   0	1.516060e+002	  77	   0	3.965873e-001	3.054508e+001	2601	 115	  99	 114	  97	 109	scram	scram_20.png	
DEV	   8	 480	   8	   0	1.574874e+002	  86	  86	3.309001e-001	2.847719e+001	3348	 115	  99	 114	  97	 109	scram	scram_15.png	
DEV	   8	 481	   8	   0	1.636687e+002	  80	   0	3.230352e-001	2.594174e+001	3449	 115	  99	 114	  97	 109	scram	scram_6.png	
DEV	   8	 482	   8	   0	1.704500e+002	  81	  81	3.313710e-001	2.685595e+001	3342	 115	  99	 114	  97	 109	scram	scram_10.png	
DEV	   8	 483	   8	   0	1.767811e+002	  87	   0	3.287867e-001	2.864596e+001	3375	 115	  99	 114	  97	 109	scram	scram_8.png	
DEV	   8	 484	   8	   0	1.830124e+002	  81	   0	3.219527e-001	2.618760e+001	3463	 115	  99	 114	  97	 109	scram	scram_5.png	
DEV	   8	 485	   8	   0	1.869611e+002	  73	   0	5.441996e-001	3.974540e+001	1516	 115	  99	 114	  97	 109	scram	scram_2.png	
DEV	   8	 486	   8	   0	1.931590e+002	  84	   0	4.126777e-001	3.447857e+001	2449	 115	  99	 114	  97	 109	scram	scram_4.png	
DEV	   8	 487	   8	   0	1.965912e+002	  68	  68	7.277395e-001	4.952730e+001	 647	 115	  99	 114	  97	 109	scram	scram_16.png	
DEV	   8	 488	   8	   0	1.996402e+002	  69	  69	7.353771e-001	5.061124e+001	 616	 115	  99	 114	  97	 109	scram	scram_21.png	
DEV	   8	 489	   8	   0	2.027559e+002	  72	  72	7.311801e-001	5.260978e+001	 633	 115	  99	 114	  97	 109	scram	scram_11.png	
DEV	   8	 490	   8	   0	2.057050e+002	  75	  75	7.732903e-001	5.769777e+001	 466	 115	  99	 114	  97	 109	scram	scram_13.png	
DEV	   8	 491	   8	   0	2.086706e+002	  67	  67	7.696864e-001	5.136325e+001	 480	 115	  99	 114	  97	 109	scram	scram_7.png	
DEV	   8	 492	   8	   0	2.117196e+002	  69	  69	7.233368e-001	5.004702e+001	 665	 115	  99	 114	  97	 109	scram	scram_8.png	
DEV	   8	 493	   8	   0	2.146186e+002	  69	  69	7.604798e-001	5.249837e+001	 516	 115	  99	 114	  97	 109	scram	scram_19.png	
DEV	   8	 494	   8	   0	2.177844e+002	  69	  69	7.440830e-001	5.100984e+001	 581	 115	  99	 114	  97	 109	scram	scram_18.png	
DEV	   8	 495	   8	   0	2.206666e+002	  76	   0	7.523708e-001	5.740061e+001	 548	 115	  99	 114	  97	 109	scram	scram_6.png	
DEV	   8	 496	   8	   0	2.234990e+002	  72	  72	8.041754e-001	5.753585e+001	 348	 115	  99	 114	  97	 109	scram	scram_17.png	
DEV	   8	 497	   8	   0	2.266314e+002	  67	  67	7.912416e-001	5.301583e+001	 397	 115	  99	 114	  97	 109	scram	scram_9.png	
DEV	   8	 498	   8	   0	2.296803e+002	  66	   0	7.740643e-001	5.076900e+001	 463	 115	  99	 114	  97	 109	scram	scram_12.png	
DEV	   8	 499	   8	   0	2.327627e+002	  71	  71	8.177952e-001	5.810231e+001	 297	 115	  99	 114	  97	 109	scram	scram_3.png	
DEV	   8	 500	   8	   0	2.358616e+002	  67	  67	8.137730e-001	5.468297e+001	 312	 115	  99	 114	  97	 109	scram	scram_10.png	
DEV	   8	 501	   8	   0	2.390773e+002	  72	  72	7.221181e-001	5.215545e+001	 670	 115	  99	 114	  97	 109	scram	scram_15.png	
DEV	   8	 502	   8	   0	2.421595e+002	  75	  75	7.465864e-001	5.634905e+001	 571	 115	  99	 114	  97	 109	scram	scram_14.png	
DEV	   8	 503	   8	   0	2.450586e+002	  68	  68	7.823571e-001	5.344170e+001	 431	 115	  99	 114	  97	 109	scram	scram_20.png	
DEV	   8	 504	   8	   0	2.479078e+002	  75	  75	7.620081e-001	5.713823e+001	 510	 115	  99	 114	  97	 109	scram	scram_1.png	
