 5.85199  6.62761  5.43658     5.95199
 5.70416  6.20932  5.62122     5.83923
 5.93078  6.61353  5.54572     6.01406
 5.94451  6.67003  5.51019     6.02287
 5.69529  6.19258  5.59987     5.82356
 5.96587  6.74245  5.68415     6.11485
 5.93959  6.61909  5.52012     6.00945
 6.01059  6.78426  5.65659     6.13279
 5.71517  6.18942  5.60727     5.8319
 5.68757  6.19289  5.60455     5.82264
 5.66164  6.14894  5.56909     5.78774
 5.81344  6.53548  5.53128     5.94537
 5.8728  6.62869  5.67764     6.04617
 5.88606  6.6128  5.40654     5.94808
 5.77113  6.60435  5.55492     5.96014
 5.68395  6.47437  5.61139     5.91071
 5.80059  6.63364  5.56169     5.9815
 5.92566  6.66347  5.43     5.98521
 5.94777  6.61308  5.45817     5.98781
 5.87178  6.57984  5.53181     5.97885
 5.87305  6.59032  5.58841     6.00279
 6.07886  6.33716  5.7176     6.03917
 6.42348  6.39871  6.08124     6.29919
 5.80774  6.55665  5.4606     5.92438
 5.70517  6.19297  5.57615     5.81881
 6.1245  6.36157  5.75156     6.07398
 5.70752  6.22513  5.61095     5.84176
 5.74837  6.45227  5.46175     5.87304
 6.13084  6.37988  5.77413     6.08985
 5.69571  6.44646  5.47518     5.85809
 5.74527  6.45379  5.44269     5.86561
 6.1688  6.46089  5.75088     6.11987
 5.83622  6.54533  5.48486     5.93941
 5.72151  6.21578  5.61491     5.84498
 5.80279  6.52159  5.46258     5.91284
 6.20774  6.45866  5.76462     6.1369
 6.09262  6.36775  5.69282     6.04467
 6.18375  6.42722  5.80628     6.13373
 6.0738  6.28904  5.74728     6.03257
 5.86496  6.45302  5.72793     6.00725
 6.03577  6.28975  5.73718     6.01665
 5.93283  6.49553  5.62962     6.00876
 5.87669  6.40879  5.63831     5.96604
 5.80441  6.37635  5.62076     5.92528
 5.82482  6.46097  5.65918     5.97188
 6.34631  6.24621  5.69673     6.08959
 6.27571  6.34037  5.69996     6.09841
 6.50434  6.30128  5.88474     6.22472
 5.7962  6.37013  5.59308     5.91082
 5.83876  6.41654  5.63404     5.95407
 5.87386  6.11408  5.55946     5.8447
 5.89119  6.20675  5.52481     5.86762
 5.90037  6.16334  5.54207     5.86304
 5.92429  6.12694  5.54328     5.85979
 5.75578  6.11421  5.55371     5.80331
 6.49114  6.27513  5.78298     6.17588
 5.857  6.15919  5.63037     5.87821
 6.06632  6.26392  5.64986     5.98783
 5.92846  6.47479  5.63368     6.00233
 5.94559  6.16215  5.51239     5.86708
 6.14599  6.15085  5.6967     5.994
 5.74262  6.13729  5.54364     5.80266
 6.43628  6.39734  5.75775     6.18912
 6.18899  6.72115  5.67326     6.17967
 5.92357  6.20857  5.58082     5.89872
 6.0166  6.61555  5.67215     6.08913
 6.12764  6.55391  5.73253     6.12886
 5.97726  6.49727  5.5761     6.00511
 5.99059  6.53276  5.63454     6.04146
 5.82854  6.43089  5.6611     5.96454
 5.87872  6.157  5.52938     5.84937
 5.94722  6.53976  5.65577     6.03656
 5.87003  6.15384  5.53626     5.84791
 5.9911  6.50446  5.70725     6.05873
 5.84698  6.15332  5.54016     5.84146
 5.90955  6.2867  5.46423     5.87717
 5.88732  6.22942  5.55548     5.88431
 5.89387  6.29532  5.50311     5.88856
 5.81095  6.23051  5.4689     5.8285
 5.9781  6.41885  5.39358     5.91515
 5.85198  6.22522  5.50368     5.85289
 6.02333  6.42169  5.3795     5.92574
 6.08313  6.52114  5.43863     5.99764
 5.94382  6.34844  5.31075     5.85189
 5.98025  6.45781  5.37114     5.91957
 5.68787  6.08484  5.55623     5.772
 6.07099  6.48962  5.42593     5.97931
 5.65887  6.08249  5.55948     5.76256
 5.9234  6.2896  5.71661     5.97188
 5.90265  6.27395  5.75484     5.9732
 5.85893  6.28918  5.27864     5.794
 5.86223  6.2499  5.70533     5.93479
 5.83562  6.01739  5.51971     5.78723
 5.86722  6.21447  5.70026     5.92348
 5.77982  6.15462  5.63878     5.85374
 5.80288  6.21738  5.71418     5.90747
 6.03204  6.44953  5.41149     5.9489
 5.8177  6.04274  5.58362     5.81166
 5.76014  5.9705  5.51178     5.74441
 5.94113  6.06887  5.60509     5.8684
 5.8375  5.98374  5.55579     5.7896
 5.99576  6.12302  5.5782     5.89433
 5.83302  5.954  5.53932     5.7728
 5.70258  6.20415  5.427     5.76905
 5.83437  5.98448  5.55922     5.78999
 5.77062  6.27237  5.46375     5.82615
 5.80929  6.17419  5.36868     5.77462
 5.93485  6.34711  5.43571     5.89405
 5.87876  6.30143  5.35686     5.83282
 5.84704  6.28471  5.40572     5.83478
 5.8174  6.30226  5.40313     5.82939
 5.87122  6.36064  5.37189     5.85399
 5.84523  6.31671  5.45055     5.86018
 6.14431  6.58872  5.652     6.11635
 5.98837  6.51619  5.53841     6.00108
 5.89192  6.42279  5.47567     5.91751
 5.90814  6.49318  5.49313     5.95081
 5.91166  6.4757  5.68001     6.01333
 5.85  6.35404  5.40854     5.85817
 5.90419  6.4739  5.50874     5.94921
 5.84543  6.46775  5.78447     6.02482
 5.94931  6.54534  5.78878     6.08595
 5.89078  6.53797  5.71089     6.03634
 6.0087  6.49151  5.59141     6.01934
 5.91865  6.53779  5.68429     6.03638
 5.88  6.45878  5.73502     6.01664
 6.50651  6.51601  5.56159     6.17793
 6.39951  6.43461  5.44639     6.07565
 5.86641  6.50311  5.73937     6.02725
 6.04109  6.25179  5.54058     5.93688
 6.35531  6.40364  5.47974     6.06422
 6.49377  6.47025  5.50835     6.13969
 5.90213  6.48189  5.65953     6.00478
 5.96967  6.22293  5.5739     5.91609
 6.28103  6.41492  5.6031     6.08906
 5.67302  6.24042  5.47767     5.78817
 6.14393  6.33902  5.53221     5.995
 5.66108  6.23419  5.47796     5.78228
 5.56274  6.19433  5.52483     5.75264
 5.87918  6.36494  5.56972     5.929
 5.59476  6.18182  5.5348     5.76324
 5.69011  6.15936  5.5201     5.78364
 5.66446  6.23489  5.46136     5.7778
 5.7883  6.59047  5.62951     5.98843
 5.72519  6.5111  5.61708     5.93815
 5.68807  6.22804  5.46969     5.78664
 5.86406  6.58504  5.71413     6.04276
 5.88831  6.6556  5.68583     6.06258
 5.81354  6.65296  5.68886     6.03708
 5.75315  6.56922  5.66057     5.98081
 5.75577  6.52346  5.67217     5.97187
 5.78854  6.22425  5.66847     5.88899
 5.72272  6.04878  5.60857     5.79039
 5.69367  6.06114  5.56209     5.76848
 5.83896  6.13574  5.70679     5.89112
 5.74872  6.56804  5.58646     5.95271
 5.74006  6.157  5.63732     5.84054
 5.77915  6.09593  5.61263     5.82582
 5.81268  6.2829  5.69341     5.92429
 5.87018  6.09079  5.67894     5.87756
 5.87783  6.11219  5.74831     5.91087
 5.70962  6.22905  5.65361     5.85848
 5.69528  6.21296  5.58034     5.82315
 5.84226  6.29953  5.72176     5.9494
 5.68783  6.24764  5.59688     5.83718
 5.75948  6.29322  5.62668     5.88621
 5.87718  6.34129  5.71433     5.97178
 6.09774  6.33259  5.88225     6.10142
 5.73357  6.26802  5.6086     5.86323
 6.46115  6.55707  6.1016     6.37022
 6.35756  6.56873  6.10138     6.33967
 6.21246  6.45942  5.91925     6.1931
 5.88174  6.62256  5.67887     6.04781
 6.07217  6.47754  5.88162     6.1388
 6.04077  6.66227  5.78515     6.15191
 5.87116  6.54617  5.78373     6.05768
 5.97234  6.75834  5.83655     6.17609
 6.32006  6.54724  6.01883     6.29164
 5.90114  6.55066  5.78852     6.07103
 5.96733  6.61453  5.83112     6.12835
 6.47417  6.55844  6.14574     6.39028
 6.01314  6.25938  5.74907     6.00358
 6.36795  6.57381  5.49564     6.12743
 5.72273  6.45283  5.74191     5.96307
 6.01596  6.37826  5.53181     5.9652
 6.20656  6.83631  5.91218     6.30677
 6.20343  6.49048  5.49658     6.04877
 6.07125  6.41651  5.51574     5.98954
 6.29282  6.49952  5.5461     6.09871
 5.90822  6.30928  5.48828     5.89238
 6.17278  6.4757  5.47956     6.02797
 6.0951  6.6812  5.58242     6.10313
 5.99605  6.38271  5.52225     5.95656
 6.00787  6.63667  5.58449     6.0611
 5.99161  6.71778  5.58431     6.08013
 6.04537  6.60682  5.54502     6.05025
 6.04605  6.60351  5.52127     6.04081
 6.25213  6.79198  5.72446     6.24098
 6.02084  6.70454  5.57077     6.08108
 6.08329  6.70417  5.61129     6.11668
 6.09853  6.29611  5.66845     6.01525
 6.00524  6.20727  5.67113     5.95708
 6.05271  6.19316  5.67759     5.97047
 5.9643  6.13846  5.64603     5.91272
 6.04607  6.2561  5.68658     5.9916
 5.99531  6.21377  5.69395     5.96385
 5.94077  6.1834  5.68832     5.93405
 6.00306  6.50879  5.76304     6.0838
 6.07979  6.60927  5.66601     6.10623
 5.95292  6.49547  5.61468     6.01019
 5.86949  6.42497  5.60037     5.95519
 6.07652  6.6118  5.73776     6.13158
 6.04304  6.22501  5.70452     5.98694
 5.86924  6.51708  5.46724     5.93564
 6.07814  6.5976  5.63785     6.09196
 5.85717  6.5244  5.4721     5.93555
 5.69603  6.43622  5.43213     5.83971
 5.99428  6.46995  5.53484     5.98753
 5.73668  6.42152  5.4528     5.85652
 5.71325  6.42636  5.42261     5.83918
 6.01948  6.67432  5.59925     6.0818
 5.95097  6.51302  5.58946     6.00592
 5.9069  6.70578  5.67024     6.0786
 5.86059  6.47555  5.44467     5.91194
 5.83551  6.51528  5.51019     5.93918
 5.71642  6.51899  5.60637     5.93374
 5.96117  6.59485  5.72637     6.08329
 5.77983  6.53203  5.63394     5.96932
 5.87119  6.59751  5.59149     6.00544
 5.75514  6.53231  5.62645     5.95826
 5.78321  6.65801  5.65083     6.01462
 5.72991  6.53278  5.66344     5.96269
 5.81158  6.47714  5.66854     5.97562
 5.83146  6.46699  5.69573     5.98885
 5.8908  6.47128  5.69922     6.01165
 5.71981  6.45952  5.62881     5.9247
 5.89498  6.51545  5.67917     6.01964
 5.90531  6.29775  5.77655     5.98915
 5.76824  6.22278  5.52443     5.83138
 5.81575  6.44404  5.65145     5.96084
 5.86413  6.49985  5.62323     5.98454
 5.95462  6.39534  5.65852     5.99524
 6.0638  6.54608  5.70925     6.0968
 5.86622  6.47905  5.69078     6.00271
 6.25419  6.65466  5.83129     6.23764
 6.41304  6.47214  5.79387     6.21862
 6.0254  6.10984  5.91539     6.01635
 5.80903  6.30699  5.62595     5.9071
 6.36187  6.38758  5.87744     6.20445
 6.20287  6.40591  5.74265     6.11076
 5.81724  6.26244  5.63602     5.89944
 6.21336  6.34269  5.76228     6.10096
 6.04116  6.30426  5.69513     6.00832
 6.1956  6.39783  5.7597     6.11184
 5.9582  6.32817  5.63425     5.96682
 6.21652  6.34979  5.73636     6.0951
 6.22834  6.63816  5.8322     6.22421
 5.99242  6.47727  5.63933     6.02662
 5.85594  6.37196  5.64914     5.95137
 5.99911  6.43493  5.65564     6.02149
 6.04797  6.51056  5.74101     6.0917
 5.85148  6.42947  5.59153     5.94736
 5.85243  6.2437  5.82855     5.97191
 5.97287  6.32631  5.98733     6.09334
 5.98633  6.46245  5.68356     6.03568
 5.65165  6.10786  5.66855     5.80558
 5.85184  6.36788  5.59564     5.92988
 5.74021  6.11578  5.8163     5.88856
 5.78583  6.16052  5.73651     5.89129
 5.90541  6.27812  5.86139     6.01211
 5.7307  6.11362  5.65273     5.82892
 6.03776  6.49678  5.85339     6.12341
 5.96759  6.42514  5.80263     6.05948
 6.00412  6.45611  5.80986     6.08408
 5.77831  6.22228  5.84709     5.94607
 5.86228  6.36442  5.68646     5.96425
 5.66998  5.98987  5.56242     5.73792
 6.28726  6.50452  5.93646     6.23833
 6.02769  6.5231  5.87892     6.13716
 5.84954  6.34051  5.72715     5.96661
 5.61845  5.94987  5.49312     5.68392
 5.70615  6.01268  5.54826     5.75249
 5.52517  5.85921  5.45774     5.61133
 5.55857  5.88036  5.46623     5.63229
 5.98651  6.4854  5.82071     6.0911
 5.62741  5.91385  5.57664     5.70406
 5.70332  6.01001  5.54977     5.75121
 6.98937  6.55084  6.15553     6.55642
 6.36061  6.32289  5.69228     6.1174
 5.60142  5.9411  5.51646     5.68341
 6.62988  6.32787  5.84836     6.26036
 6.9167  6.51736  6.04044     6.48156
 5.58125  6.08147  5.6534     5.76789
 6.33559  6.27781  5.70574     6.09961
 5.57984  6.07459  5.646     5.76271
 6.7094  6.47383  6.00947     6.39087
 6.41426  6.3663  5.80062     6.18732
 6.09903  6.12442  5.64095     5.95058
 5.96643  6.41556  5.85253     6.07339
 5.57659  6.09945  5.65233     5.77159
 5.59236  6.11522  5.67345     5.78919
 5.62585  6.12622  5.61983     5.78586
 5.56704  6.0911  5.64441     5.76297
 5.62058  6.13998  5.66922     5.80529
 5.79605  6.37536  5.38304     5.83743
 5.73644  6.29121  5.37516     5.78881
 6.16899  6.66113  5.38405     6.04816
 5.7618  6.39886  5.3645     5.82635
 5.73784  6.31894  5.34523     5.78699
 5.74748  6.33597  5.40025     5.81525
 5.7219  6.38707  5.35916     5.80737
 5.69416  6.33104  5.36459     5.78292
 5.72175  6.65991  5.57195     5.9658
 6.37575  6.06309  6.12198     6.18547
 5.71436  6.54076  5.56335     5.9244
 6.45225  6.11368  6.14709     6.23583
 5.57939  6.54444  5.51532     5.86152
 5.57756  6.53162  5.48535     5.84642
 6.07648  6.09223  5.72697     5.96281
 5.93677  6.11736  5.61167     5.88485
 6.4055  5.92573  6.14569     6.15586
 5.57744  6.57954  5.50144     5.86636
 6.32697  6.05671  6.1021     6.1608
 5.58918  6.5305  5.4928     5.85279
 5.67913  6.58824  5.56803     5.92813
 5.79287  6.63937  5.60595     5.99639
 6.06376  6.06093  5.8249     5.98214
 6.05615  6.96792  5.78271     6.249
 6.26858  6.13788  5.99151     6.13161
 5.8868  6.77337  5.6761     6.09412
 6.01079  6.91378  5.76638     6.21131
 5.95227  6.84578  5.75876     6.16801
 6.20631  6.62766  5.82723     6.21181
 5.87731  6.81253  5.69697     6.11004
 5.56683  5.94195  5.37643     5.62355
 5.89034  6.47013  5.67801     6.00367
 6.28589  6.61251  5.85644     6.24389
 5.95701  6.52068  5.67814     6.04193
 5.94939  6.53006  5.67723     6.04192
 6.3534  7.0666  5.89739     6.42134
 6.40862  7.03523  6.00398     6.46885
 6.10778  6.60104  5.76371     6.14798
 5.57961  5.94745  5.35032     5.62046
 6.1935  6.99588  5.75663     6.29481
 5.90619  6.47225  5.61671     5.988
 5.91127  6.5201  5.68854     6.02993
 5.5159  5.90852  5.37717     5.59607
 5.53828  5.93025  5.34683     5.59991
 5.52763  5.92031  5.37357     5.6025
 5.47108  5.88526  5.36565     5.56956
 5.58492  5.97641  5.38213     5.64249
 5.55194  5.9127  5.31989     5.58956
 6.07261  6.50547  5.61977     6.05514
 5.96175  6.38974  5.52359     5.94784
 6.21013  6.5916  5.61697     6.12629
 6.06898  6.53042  5.61104     6.05852
 6.15494  6.57319  5.61517     6.10175
 6.12971  6.47059  5.53486     6.03249
 6.00041  6.45684  5.55825     5.99395
 6.04954  6.5053  5.59251     6.03762
 5.73269  6.44797  5.76628     5.97346
 5.70124  6.4426  5.68119     5.93139
 5.66526  6.41075  5.69184     5.91281
 5.7376  6.47621  5.74588     5.97681
 5.64254  6.39948  5.68959     5.90065
 6.09659  6.58154  5.8989     6.18579
 5.68551  6.45227  5.64069     5.91477
 5.60839  6.24289  5.61647     5.81517
 5.75843  6.34324  5.74339     5.94193
 5.78223  6.48609  5.80634     6.01627
 5.64853  6.46298  5.70018     5.92587
 5.59648  6.25952  5.60614     5.81264
 5.69212  6.28084  5.63105     5.86085
 5.71773  6.24626  5.72815     5.89232
 6.03694  6.37883  5.81818     6.07363
 5.96775  6.36991  5.66365     5.9935
 5.85479  6.23689  5.48974     5.85253
 5.75875  6.36504  5.63527     5.91127
 5.92352  6.28806  5.60603     5.93268
 5.99293  6.34279  5.66654     5.9944
 5.85646  6.31156  5.63897     5.92912
 5.9051  6.27232  5.56765     5.90803
 6.33424  6.52799  5.73961     6.19135
 5.62368  6.26737  5.66455     5.84463
 5.83476  6.25378  5.49627     5.85344
 5.83991  6.27608  5.53196     5.87478
 5.96917  6.38018  5.64239     5.98968
 5.89758  6.35776  5.56684     5.93192
 5.96207  6.39774  5.5535     5.96115
 5.89343  6.37756  5.57282     5.93881
 6.0269  6.42564  5.6824     6.03737
 5.92366  6.54108  5.50676     5.97556
 5.93674  6.54865  5.5607     6.00173
 5.98674  6.46809  5.5567     5.99232
 5.94602  6.49694  5.54549     5.98354
 5.95699  6.50723  5.5267     5.98361
 5.93522  6.41978  5.50561     5.94184
 5.90993  6.4938  5.5615     5.97619
 5.73567  6.44654  5.64046     5.93028
 5.89034  6.58304  5.74764     6.06297
 5.71913  6.4529  5.60447     5.91389
 5.8921  6.46789  5.51498     5.94555
 5.85162  6.59871  5.7915     6.06981
 5.92914  6.54371  5.54072     5.99047
 5.81193  6.60643  5.74185     6.04106
 5.83521  6.20403  5.62255     5.8824
 5.74937  6.47491  5.70615     5.96667
 5.73975  6.47466  5.61893     5.93273
 5.82971  6.55124  5.67198     6.00577
 5.96586  6.27245  5.60697     5.94218
 5.80909  6.17893  5.55755     5.84299
 5.79725  6.15657  5.58153     5.84034
 5.8602  6.2004  5.52146     5.85413
 6.26143  6.54636  6.00914     6.26848
 5.83429  6.21438  5.55955     5.8633
 5.93958  6.29784  5.6522     5.95737
 6.02927  6.46142  5.86274     6.11267
 5.91584  6.35693  5.77647     6.0114
 5.88659  6.24534  5.67246     5.93012
 5.94992  6.44624  5.86932     6.08324
 6.13701  6.5416  5.94471     6.20284
 6.07773  6.43647  5.85832     6.11957
 6.08754  6.50725  5.93065     6.17041
 6.07661  6.31045  5.7623     6.0456
 6.04147  6.50399  5.84948     6.12557
 6.01709  6.34227  5.70155     6.01462
 6.15869  6.39238  5.8605     6.13331
 5.89053  6.28824  5.65523     5.93897
 5.91232  6.28463  5.74367     5.97598
 5.90393  6.3631  5.72563     5.99162
 5.77966  6.19285  5.53534     5.8297
 5.99824  6.32057  5.77414     6.02684
 5.9151  6.29909  5.70808     5.96911
 5.70634  6.13881  5.50082     5.77594
 5.62003  6.09035  5.44359     5.71157
 5.71326  6.08092  5.50019     5.75984
 5.69609  6.06404  5.46796     5.73748
 5.63149  6.0385  5.40495     5.68566
 5.65494  6.02916  5.46479     5.71154
 5.99526  6.39289  5.5482     5.96878
 5.68493  6.05936  5.47764     5.73564
 6.03344  6.41499  5.55261     5.9899
 5.87475  6.19542  5.46481     5.8373
 5.81493  6.21222  5.56768     5.85898
 5.73682  6.1117  5.50591     5.77946
 5.69698  6.09497  5.49377     5.75655
 5.74435  6.1711  5.49899     5.79823
 6.04225  6.73978  5.78593     6.17645
 5.88299  6.3909  5.57925     5.94172
 6.25847  6.73624  5.82723     6.263
 6.02423  6.69572  5.7835     6.15597
 6.12733  6.67826  5.84299     6.20664
 5.76157  6.08631  5.49157     5.77472
 5.73867  6.36324  5.47236     5.8464
 5.93784  6.44522  5.66586     6.00773
 6.08917  6.62685  5.63251     6.1027
 5.86664  6.41651  5.51585     5.92153
 5.89865  6.61164  5.76056     6.07914
 5.97697  6.68872  5.86131     6.16509
 5.57445  6.24818  5.45854     5.75012
 5.74348  6.43244  5.46456     5.86636
 5.97299  6.40636  5.85951     6.07512
 5.70708  6.43747  5.47983     5.86092
 5.71604  6.44645  5.55773     5.89437
 5.83727  6.47983  5.50784     5.92814
 5.6777  6.43632  5.71152     5.93181
 5.91151  6.30958  5.80187     6.00374
 5.95792  6.47597  5.77211     6.06147
 5.70332  6.37462  5.67093     5.90762
 5.93865  6.42868  5.8661     6.07276
 5.861  6.34142  5.8811     6.02383
 5.98889  6.41718  5.45567     5.94082
 5.9558  6.42808  5.50444     5.95084
 5.93965  6.43601  5.47865     5.9386
 5.91389  6.40336  5.52566     5.93684
 5.80006  6.44113  5.70519     5.9734
 6.08018  6.55367  5.57449     6.05623
 5.79273  6.28605  5.49698     5.84963
 5.89008  6.37601  5.46279     5.89787
 5.98425  6.44418  5.54506     5.97991
 5.73381  6.20906  5.53057     5.81764
 5.7546  6.18055  5.4812     5.79837
 5.84843  6.19962  5.52729     5.85202
 5.75442  6.18927  5.51632     5.8134
 5.7604  6.17947  5.49625     5.80528
 5.71155  6.14273  5.48154     5.77217
 5.83767  6.38777  5.55328     5.91624
 5.74623  6.16001  5.46754     5.78431
 5.74086  6.13466  5.48895     5.7821
 5.82192  6.41223  5.45176     5.88217
 5.87817  6.41825  5.53887     5.93417
 5.90953  6.41963  5.52288     5.93941
 6.00686  6.58174  5.67016     6.07474
 5.83238  6.42795  5.44467     5.88794
 5.83987  6.46146  5.56217     5.94282
 5.90651  6.47847  5.5355     5.96101
 5.85454  6.45565  5.65383     5.97849
 6.05036  6.53275  5.65484     6.06875
 5.94647  6.51891  5.6607     6.03163
 5.99847  6.54011  5.6541     6.05336
 5.94442  6.50558  5.61888     6.01194
 5.92379  6.51109  5.61738     6.00614
 6.06289  6.38044  5.92986     6.12151
 6.00965  6.55519  5.58265     6.03612
 5.91915  6.41635  5.91604     6.07938
 5.99969  6.32688  5.85995     6.05904
 5.96529  6.32517  5.9185     6.06697
 5.86809  6.32518  5.90747     6.03009
 5.93333  6.56488  5.57054     6.00907
 5.96986  6.39746  5.8829     6.07931
 5.97565  6.70072  5.56758     6.06352
 5.99343  6.8087  5.56829     6.10221
 5.85602  6.33662  5.87472     6.01842
 5.96512  6.66276  5.62238     6.06826
 5.97888  6.70422  5.52985     6.05193
 5.85422  6.32934  5.85907     6.01015
 5.79771  6.28388  5.60142     5.88746
 5.7534  6.3175  5.6313     5.89331
 5.82271  6.59905  5.56933     5.9814
 5.91221  6.66169  5.53794     6.0195
 5.63801  6.30442  5.52041     5.81095
 5.67434  6.16512  5.56882     5.79704
 5.71651  6.2776  5.59304     5.85496
 5.86875  6.33284  5.60016     5.92627
 5.80044  6.32187  5.63006     5.91026
 5.86048  6.64484  5.5622     6.00558
 5.91123  6.60064  5.56156     6.00925
 5.69925  6.26874  5.5789     5.84138
 6.21824  6.56539  5.57647     6.10608
 6.26822  6.5869  5.62391     6.14641
 6.37544  6.64882  5.66557     6.21583
 6.20682  6.5651  5.42569     6.04675
 6.05596  6.36395  5.47353     5.95286
 6.13436  6.434  5.41744     5.97973
 6.12861  6.45172  5.56428     6.03692
 6.1309  6.45807  5.47603     6.00755
 5.64063  6.20826  5.29408     5.70203
 5.66245  6.24962  5.32919     5.73464
 5.66613  6.25765  5.34925     5.74553
 5.75159  6.32044  5.41389     5.81677
 5.73583  6.34567  5.30644     5.78041
 8.27688  7.99722  7.21437     7.8163
 6.29329  6.51068  5.79613     6.19271
 5.74045  6.28977  5.38511     5.79329
 7.39115  7.47216  6.73097     7.19027
 5.69457  6.25724  5.33249     5.74898
 5.73864  6.34846  5.36824     5.80457
 7.52843  7.4362  6.62703     7.18552
 6.23976  6.50983  5.77556     6.16752
 7.12215  7.2002  6.16037     6.81063
 7.95424  7.50634  7.11871     7.5187
 7.73684  7.6003  6.65863     7.31577
 6.22708  6.50742  5.93233     6.21784
 6.10831  6.38332  5.93935     6.14095
 6.00889  6.37637  5.86341     6.0791
 5.82768  6.32266  5.80686     5.98107
 6.29467  6.57663  6.0183     6.29241
 6.13557  6.60265  6.00869     6.24383
 6.01018  6.36797  5.86282     6.07666
 5.89544  6.39276  5.85296     6.04218
 6.26002  6.43303  5.89089     6.19048
 5.98004  6.39775  5.84599     6.07011
 5.92147  6.38521  5.8629     6.0521
 6.24119  6.59837  6.03446     6.28706
 6.14684  6.80264  5.52764     6.137
 5.82523  6.43176  5.77379     6.00299
 5.98509  6.64806  5.61426     6.06764
 5.97704  6.65416  5.56611     6.04938
 6.2084  6.90556  5.7275     6.26202
 6.28534  6.60798  5.88907     6.25386
 6.5577  6.54614  6.03901     6.37628
 5.85648  6.66949  5.59701     6.02414
 6.27729  6.46362  5.98028     6.2372
 5.87842  6.7269  5.61172     6.05421
 6.05894  6.77303  5.54458     6.10496
 6.09983  6.77423  5.68887     6.17165
 5.86976  6.28569  5.7683     5.97045
 5.66705  6.2266  5.61078     5.82833
 5.71596  6.29116  5.7001     5.89614
 5.72408  6.21526  5.66966     5.86463
 5.68712  6.25657  5.64479     5.85633
 5.74664  6.29735  5.68436     5.90316
 5.70312  6.26687  5.65286     5.86782
 5.7509  6.24778  5.66616     5.88279
