 0.703645  2.99268  5.98871    7.24884
 0.746804  2.94975  6.52873    7.20928
 0.72232  3.01447  6.12361    7.30353
 0.697615  3.02372  6.06461    7.33163
 0.746797  2.96576  6.17456    7.18932
 0.735207  3.05699  6.36058    7.42072
 0.719316  3.00373  6.29407    7.31473
 0.762019  3.05069  8.00957    7.58879
 0.735733  2.96069  6.06807    7.17124
 0.750504  2.94393  6.45739    7.18219
 0.746229  2.96401  5.83051    7.12984
 0.742849  3.08987  5.62974    7.35414
 0.766822  3.04486  6.57349    7.39485
 0.708482  3.02433  5.83481    7.27816
 0.739394  3.05777  5.68648    7.30074
 0.763464  3.04275  5.96082    7.30378
 0.730667  3.06445  5.68049    7.31683
 0.690613  3.0167  5.83172    7.27347
 0.712934  3.01291  6.16372    7.31594
 0.73186  3.00626  6.25105    7.30029
 0.737662  3.08375  5.84997    7.38485
 0.661536  2.98345  5.99725    7.2671
 0.551584  3.05042  4.77622    7.01578
 0.672582  2.99777  5.19497    7.08943
 0.746669  2.93538  6.35985    7.15399
 0.661539  2.99114  6.2281    7.3352
 0.760986  2.95859  6.7569    7.24186
 0.68549  2.97665  5.20094    7.04894
 0.664739  3.01811  6.34779    7.41188
 0.699039  2.97991  5.62762    7.15088
 0.681133  2.97161  5.09356    7.01211
 0.659247  3.00805  6.58026    7.44872
 0.659586  2.99431  5.15754    7.0737
 0.734193  2.97899  6.20694    7.23401
 0.672259  2.98754  5.17789    7.06542
 0.650195  3.02932  6.11802    7.39564
 0.672475  2.98684  6.02955    7.2717
 0.654362  2.99767  6.67107    7.45397
 0.620689  3.00639  4.80557    6.98064
 0.711575  2.99913  6.99105    7.43214
 0.674848  2.98756  6.37234    7.34458
 0.69494  3.02286  6.36068    7.39139
 0.681135  3.02984  5.83909    7.30716
 0.707967  3.01831  6.17087    7.33275
 0.705029  3.03562  6.36952    7.40848
 0.622796  2.86283  6.47123    7.1864
 0.661548  2.85653  7.12054    7.24201
 0.587315  2.83201  6.4977    7.1886
 0.703523  3.03389  5.7554    7.28361
 0.700669  3.00428  6.23425    7.32326
 0.725796  2.88767  7.05959    7.18339
 0.686281  2.96953  5.67465    7.14767
 0.680051  2.97443  5.42182    7.10071
 0.68252  2.97336  5.17141    7.03549
 0.710693  2.97348  6.41432    7.28282
 0.602897  2.82339  6.71355    7.19874
 0.695568  2.93667  6.92541    7.31547
 0.665608  2.88766  6.67367    7.21499
 0.696373  3.02501  6.28728    7.37992
 0.663939  2.932  5.59068    7.06713
 0.638279  2.89175  5.68576    7.03047
 0.720623  2.96707  6.42038    7.25924
 0.633498  2.90832  6.97266    7.3717
 0.70294  2.92004  6.54912    7.20541
 0.665995  2.94588  6.14132    7.22132
 0.695126  2.91732  6.13241    7.13202
 0.669636  2.90351  6.25517    7.1569
 0.687963  2.917  6.19687    7.15159
 0.684343  2.95371  6.01005    7.19097
 0.702189  2.94756  6.39692    7.23611
 0.676115  2.8567  5.62029    6.91856
 0.675994  2.9399  6.31303    7.2349
 0.687061  2.86143  5.77242    6.95309
 0.703962  2.88775  6.82024    7.18222
 0.691547  2.9131  5.25275    6.93661
 0.675235  2.90273  5.13059    6.89007
 0.672471  2.91629  5.1579    6.92376
 0.67167  2.92772  5.08318    6.92607
 0.688169  2.8959  5.20899    6.8934
 0.64883  2.96281  5.73774    7.17316
 0.678757  2.88375  5.152    6.85813
 0.635543  2.91898  5.56144    7.05107
 0.650801  2.95826  5.8609    7.19392
 0.690422  2.93615  5.45689    7.03001
 0.662687  2.95524  5.787    7.16105
 0.737396  2.93578  5.33726    6.9866
 0.638482  2.94192  5.86244    7.17267
 0.737949  2.94553  5.32615    7.00408
 0.678947  2.9889  5.87749    7.23652
 0.667482  2.99246  6.01083    7.28287
 0.71153  2.86682  5.71404    6.93311
 0.681938  2.97574  5.71966    7.17274
 0.700163  2.9444  6.00609    7.15743
 0.684472  2.98983  5.75239    7.20645
 0.706317  2.96406  5.56333    7.10181
 0.690555  3.00144  5.54817    7.17957
 0.642064  2.94285  5.68505    7.12566
 0.697223  2.95924  6.07867    7.20458
 0.70536  2.93567  5.60147    7.05352
 0.68624  2.98058  5.85041    7.20873
 0.694351  2.93782  5.7312    7.09204
 0.692511  2.97501  6.0443    7.23373
 0.709041  2.9233  5.84441    7.07541
 0.697013  2.8697  7.11944    7.20381
 0.693172  2.95547  5.81098    7.14519
 0.679737  2.82098  7.05253    7.12143
 0.653464  2.83485  6.33532    7.05605
 0.626575  2.74627  6.74755    7.00773
 0.649678  2.75585  6.98202    7.0298
 0.655359  2.79403  6.78141    7.06033
 0.676123  2.80845  6.77055    7.05261
 0.648731  2.77354  6.81719    7.03683
 0.692642  2.9434  6.27623    7.21579
 0.642341  2.93655  7.01612    7.42204
 0.649781  2.95936  6.63241    7.37537
 0.665605  2.95034  6.55879    7.31953
 0.640645  2.97622  6.15674    7.31091
 0.663486  2.95112  6.07729    7.21994
 0.688051  2.97482  6.10136    7.2491
 0.633062  2.97769  5.97999    7.27653
 0.651193  2.9617  6.44553    7.33727
 0.64917  2.96173  6.51424    7.35519
 0.667201  2.96415  6.28542    7.28791
 0.643418  2.96458  6.65996    7.40108
 0.660405  2.94347  6.2748    7.25201
 0.659479  2.95011  6.42337    7.29871
 0.702702  2.95234  8.75893    7.59706
 0.730716  2.91125  8.20385    7.37098
 0.648909  2.96105  6.37274    7.32254
 0.71142  2.97337  7.03432    7.38508
 0.719786  2.93272  8.46502    7.47467
 0.678528  2.98326  7.19281    7.4873
 0.669649  2.95214  6.25184    7.25392
 0.730429  3.00412  7.26259    7.45339
 0.703394  2.98255  7.69774    7.51951
 0.665193  2.91891  5.23644    6.95103
 0.729253  2.97568  7.41008    7.41492
 0.680834  2.95018  5.18017    6.99325
 0.683365  2.92089  5.32717    6.97223
 0.631632  2.84984  6.0981    7.05958
 0.681845  2.90676  5.42108    6.96764
 0.663175  2.89197  5.2631    6.90696
 0.683787  2.94357  5.09072    6.95732
 0.688551  3.016  5.81617    7.26998
 0.702243  3.00618  5.80041    7.23847
 0.657742  2.96268  4.80942    6.91321
 0.698531  3.04192  5.60296    7.26859
 0.701658  3.0226  6.38313    7.388
 0.678531  3.02543  6.14219    7.36781
 0.687138  3.01021  5.83899    7.26445
 0.683113  3.01473  5.81831    7.27138
 0.678746  2.95789  5.64653    7.12261
 0.686869  2.91253  5.58866    7.0151
 0.679208  2.93133  5.34208    6.99762
 0.67182  2.89317  5.75    7.02353
 0.68081  3.05229  5.55209    7.28354
 0.684844  2.90205  5.71435    7.02352
 0.683846  2.89591  5.56694    6.97905
 0.749686  3.00874  6.34254    7.30288
 0.66699  2.87742  5.86663    7.02286
 0.664183  2.89297  5.8375    7.04945
 0.789545  2.98952  6.83737    7.2814
 0.790981  2.98672  6.11704    7.18724
 0.732892  3.01435  6.30067    7.32443
 0.781008  2.9987  6.56837    7.27972
 0.774347  3.02432  6.46254    7.32816
 0.737712  3.02839  6.41659    7.36781
 0.676771  2.90207  6.77417    7.24645
 0.772277  3.00533  5.97826    7.22185
 0.642232  2.95477  7.41627    7.5393
 0.630845  2.95414  7.21505    7.52048
 0.661967  2.95566  6.65731    7.35556
 0.71411  3.06388  6.10195    7.40705
 0.676097  2.96125  6.7736    7.36915
 0.698306  3.07286  5.67849    7.3467
 0.716424  3.00775  6.40525    7.34561
 0.714337  3.06181  5.75921    7.33469
 0.642407  2.9735  6.76427    7.44327
 0.707198  3.00056  5.96021    7.25635
 0.701073  2.95992  6.14308    7.21496
 0.60245  2.92877  7.08584    7.49683
 0.697796  2.94109  6.20244    7.19129
 0.634619  2.81799  6.44529    7.07333
 0.718295  3.01832  5.85227    7.26338
 0.646595  2.91233  5.86655    7.1095
 0.70145  3.06273  6.42533    7.47803
 0.658889  2.89786  6.49542    7.20957
 0.629326  2.83848  6.26271    7.07967
 0.641535  2.85366  6.3213    7.10687
 0.676996  2.85888  6.27583    7.0618
 0.63655  2.83615  6.246    7.0615
 0.745506  3.08077  6.40896    7.46819
 0.660591  2.86972  6.37638    7.12549
 0.755599  3.0726  6.21399    7.41153
 0.744156  3.10421  6.34908    7.50864
 0.74304  3.10271  6.61587    7.54895
 0.764315  3.05279  6.23261    7.36562
 0.716968  3.06752  6.90749    7.55389
 0.75102  3.0739  6.08342    7.39682
 0.732612  3.07401  6.23068    7.43625
 0.688249  3.04577  6.16072    7.40372
 0.688386  3.02379  5.3515    7.17715
 0.674213  3.00805  5.51839    7.19188
 0.681273  2.97693  5.51079    7.12661
 0.691821  3.03356  5.61384    7.25733
 0.689953  3.03666  5.64348    7.27104
 0.693947  3.00015  5.68142    7.20557
 0.651101  2.85391  6.90748    7.21569
 0.652869  2.88633  6.43023    7.18086
 0.63461  2.86008  6.29333    7.12252
 0.637938  2.85657  6.13313    7.0737
 0.639858  2.89914  6.57726    7.25727
 0.681719  3.0015  5.71645    7.22288
 0.673623  2.95754  5.99882    7.20569
 0.660882  2.86496  6.91912    7.22336
 0.667921  2.97826  5.90668    7.23054
 0.698492  2.97295  5.67682    7.14798
 0.654821  2.81513  6.54505    7.0578
 0.699992  2.97041  5.67577    7.14183
 0.694893  2.97735  5.55503    7.13174
 0.679923  2.94175  6.78281    7.32503
 0.657699  2.91378  6.28938    7.19912
 0.777246  3.06722  6.44917    7.415
 0.666948  2.95178  5.92271    7.18285
 0.680066  2.95963  6.30605    7.26868
 0.773805  3.04321  6.15299    7.32611
 0.667045  2.97644  6.59954    7.37869
 0.770726  3.06499  6.36846    7.40536
 0.750972  3.0784  5.95231    7.38436
 0.777856  3.05788  6.60262    7.41457
 0.75709  3.08035  5.96464    7.38674
 0.762717  3.04399  6.49476    7.38646
 0.678728  2.96181  6.23121    7.25914
 0.688707  2.96832  6.25755    7.26704
 0.675793  2.97552  6.20549    7.28434
 0.773678  3.03243  6.42869    7.34162
 0.674608  2.98314  6.27964    7.31656
 0.654174  2.996  6.51982    7.41818
 0.708754  2.93417  6.80302    7.26967
 0.678437  2.94298  6.16188    7.20708
 0.674729  2.97177  6.22423    7.2819
 0.705853  3.01488  6.21745    7.33661
 0.685012  3.01796  6.5224    7.42432
 0.684789  2.9553  6.67387    7.32555
 0.644082  3.03304  6.62503    7.52854
 0.57706  2.92382  5.96192    7.22367
 0.638291  2.90281  6.27513    7.19797
 0.704875  2.94418  6.80535    7.29674
 0.581174  2.91802  5.88012    7.18371
 0.60801  2.88348  5.98367    7.12177
 0.693146  2.98079  6.36385    7.30837
 0.611732  2.87573  5.91845    7.08532
 0.634564  2.9087  5.91151    7.12457
 0.617149  2.90937  6.01748    7.17068
 0.633767  2.92686  5.80159    7.13175
 0.619653  2.85439  6.17072    7.10109
 0.688177  3.0229  7.76487    7.64676
 0.702204  2.97483  6.13768    7.24317
 0.694577  2.98649  5.5832    7.15628
 0.702788  2.93813  6.34731    7.20693
 0.718671  2.94888  7.03039    7.32118
 0.710001  3.01346  5.38058    7.15897
 0.687702  2.9223  6.83306    7.28193
 0.675181  2.93125  7.2698    7.39847
 0.703003  2.95925  6.2377    7.2297
 0.711833  2.99644  5.65981    7.18425
 0.720468  2.96416  5.84564    7.15049
 0.685056  2.9287  5.97401    7.13255
 0.686062  2.9554  6.21903    7.23594
 0.668932  2.96405  6.62639    7.35645
 0.712496  2.96411  5.67231    7.1214
 0.65666  3.02041  6.57364    7.4754
 0.680906  3.00543  6.86849    7.47045
 0.690745  2.98284  7.15263    7.45828
 0.693591  2.96013  6.27694    7.24897
 0.69008  3.01633  6.32471    7.3762
 0.734103  2.89419  6.4232    7.09111
 0.604263  3.05066  6.59657    7.61022
 0.668649  3.04308  7.1015    7.61082
 0.693629  2.98576  6.6053    7.36348
 0.74018  2.88131  6.00998    6.99206
 0.70496  2.89584  5.97739    7.04866
 0.754125  2.88647  5.68682    6.93922
 0.74956  2.87852  5.66469    6.92193
 0.676454  3.01504  6.77172    7.47822
 0.746583  2.88256  6.4698    7.05813
 0.714022  2.87598  6.32594    7.06123
 0.529783  2.83492  7.9147    7.69789
 0.650105  2.83281  8.08957    7.38341
 0.743936  2.87183  6.19668    6.99787
 0.598596  2.80498  7.85715    7.4215
 0.615232  2.89882  8.28435    7.65314
 0.758497  2.93983  6.42011    7.1591
 0.665762  2.85402  7.67948    7.32391
 0.749197  2.94982  6.07945    7.13871
 0.57263  2.93043  7.25564    7.60396
 0.65898  2.8693  8.61293    7.51773
 0.678658  2.83366  7.65516    7.24742
 0.768825  2.97792  11.4744    7.68485
 0.758791  2.94089  6.40078    7.15832
 0.744836  2.95093  6.23962    7.17028
 0.760977  2.93192  6.83122    7.19406
 0.751175  2.93862  6.2516    7.13983
 0.754252  2.93457  6.71895    7.19419
 0.734497  3.01312  6.08873    7.28444
 0.737925  3.01476  5.77514    7.22989
 0.672263  3.08031  6.13822    7.48107
 0.742123  3.0064  6.25044    7.2908
 0.733346  2.99533  5.75845    7.18963
 0.752186  3.01628  6.16786    7.28933
 0.738883  2.99505  5.98626    7.22598
 0.743302  3.0116  5.89643    7.24159
 0.632496  2.8893  5.65557    7.02206
 0.602161  3.02761  5.61252    7.28624
 0.650895  2.89765  5.37807    6.95298
 0.586074  2.96896  5.86643    7.26878
 0.678946  2.97348  5.15916    7.03293
 0.689858  2.94647  5.31677    7.01768
 0.662309  2.96415  5.90951    7.20795
 0.723732  2.9522  6.07028    7.16459
 0.566549  2.89964  5.57745    7.06474
 0.70091  2.98284  5.37745    7.10011
 0.598949  2.99987  5.57997    7.22701
 0.691553  2.98391  4.95241    6.99934
 0.658315  2.9298  5.50718    7.04491
 0.640042  2.93339  5.33602    7.01347
 0.662092  2.92631  5.8682    7.12407
 0.623944  3.0705  6.26638    7.53785
 0.629136  2.99307  5.78254    7.25622
 0.694051  3.0244  6.22728    7.36906
 0.676328  3.08265  6.43953    7.54772
 0.680307  3.0584  6.49631    7.50642
 0.652897  3.02951  6.76549    7.54004
 0.706562  3.03751  6.3113    7.39985
 0.698612  2.89801  5.12037    6.87402
 0.676127  3.02701  6.34094    7.41581
 0.619514  3.00371  6.83083    7.55455
 0.676814  3.0614  6.17579    7.44817
 0.69331  3.04027  6.35557    7.42742
 0.624747  3.02968  6.97214    7.63005
 0.591084  3.13835  6.58737    7.79131
 0.673171  3.00365  6.88073    7.48081
 0.707229  2.90719  5.29807    6.9305
 0.667843  2.99941  6.69621    7.4437
 0.684887  3.03291  6.42981    7.43638
 0.664605  3.03662  6.00108    7.36975
 0.715709  2.87057  5.25569    6.84533
 0.711971  2.8827  5.31367    6.88332
 0.703199  2.90092  5.0679    6.86664
 0.728691  2.90213  4.99377    6.85002
 0.708279  2.89897  5.37667    6.93083
 0.701372  2.87712  4.99727    6.80341
 0.664413  2.99914  6.10428    7.32015
 0.672725  3.00214  5.71189    7.22819
 0.639727  2.95928  6.28517    7.30975
 0.664963  3.01161  6.01555    7.3238
 0.666313  2.96897  6.3903    7.32102
 0.655659  2.96119  5.98415    7.22547
 0.672951  2.97562  6.04678    7.25285
 0.648935  3.04704  5.83935    7.36112
 0.702676  3.0004  6.01519    7.27052
 0.733642  3.00446  5.71691    7.20042
 0.726671  2.98708  5.68789    7.1632
 0.730453  3.01563  6.14607    7.30296
 0.72807  2.98826  5.69145    7.16554
 0.657544  2.99151  5.32726    7.11566
 0.73918  3.00275  6.04542    7.2518
 0.755444  2.97838  5.31205    7.06408
 0.739835  2.959  6.07671    7.1656
 0.690104  3.00894  6.0171    7.29822
 0.732203  2.98723  5.93617    7.20603
 0.77319  2.95798  5.71971    7.08278
 0.749611  2.97734  5.74029    7.14
 0.731886  2.99259  5.17674    7.0698
 0.670011  2.98871  7.0626    7.48967
 0.689589  2.9309  7.10637    7.3438
 0.683436  2.91084  6.71613    7.24369
 0.749613  2.93151  5.98414    7.08484
 0.632247  2.94448  6.29684    7.2925
 0.676214  2.93612  6.96655    7.35303
 0.667304  2.92997  6.28414    7.21901
 0.655165  2.91576  6.55757    7.264
 0.647504  2.98139  6.4729    7.3873
 0.768295  2.96546  6.25597    7.18052
 0.709627  2.90282  7.05752    7.24247
 0.722862  2.95681  6.3742    7.22758
 0.68053  2.96606  6.48709    7.31744
 0.706531  2.95318  6.39177    7.24167
 0.694105  2.91001  6.71863    7.22656
 0.675449  2.97396  6.41493    7.32522
 0.693345  2.94328  6.8225    7.31501
 0.752184  3.09269  6.19966    7.45389
 0.74317  3.07687  6.21237    7.43027
 0.702859  2.95161  6.79676    7.31377
 0.741536  3.1038  5.90086    7.43302
 0.742094  3.09908  5.72659    7.39127
 0.762448  3.07138  6.51695    7.44788
 0.746685  3.06731  6.11315    7.39123
 0.709115  3.00085  5.92885    7.24929
 0.696103  3.04805  5.94536    7.35676
 0.725411  3.02454  5.76546    7.25495
 0.762349  3.07165  6.25782    7.4107
 0.70183  3.0442  6.06111    7.36878
 0.734809  3.12737  5.55253    7.41706
 0.7134  3.04223  6.14726    7.37224
 0.717485  2.94501  5.55819    7.05707
 0.715128  3.01663  6.07649    7.30525
 0.724108  3.02789  5.85251    7.27922
 0.703966  3.05028  5.94559    7.3559
 0.710776  2.93636  5.53298    7.03776
 0.720539  2.94712  5.39012    7.0256
 0.726951  2.94051  5.21786    6.97471
 0.70065  2.96865  5.01097    6.98541
 0.675231  3.10613  6.41996    7.59155
 0.721632  2.94813  5.28152    7.00456
 0.702485  2.91489  5.73335    7.04089
 0.717312  3.10501  6.403    7.54424
 0.745609  3.10206  6.33563    7.50072
 0.71136  2.9094  5.92084    7.05994
 0.730906  3.11302  6.39492    7.54651
 0.715556  3.12525  6.47055    7.59962
 0.740638  3.09218  6.6308    7.53187
 0.711998  3.13544  6.59366    7.64641
 0.738181  3.03508  7.60831    7.55282
 0.736188  3.09726  6.40479    7.51065
 0.724716  3.01912  7.10114    7.47106
 0.693617  3.03561  7.34785    7.59616
 0.757034  3.02447  7.66143    7.50201
 0.736116  3.06492  7.79476    7.64493
 0.740431  3.05046  7.7911    7.60498
 0.708072  2.98916  5.38099    7.11141
 0.735013  3.05123  7.9689    7.63944
 0.741221  3.0426  7.5929    7.56153
 0.724971  2.99969  5.3875    7.12929
 0.809606  3.02871  7.04752    7.36288
 0.711274  2.97006  5.27277    7.04869
 0.732363  2.96341  5.31881    7.04034
 0.802502  2.99417  6.58127    7.24762
 0.72655  3.00405  4.81321    7.01101
 0.724663  3.05455  6.15187    7.38891
 0.724499  3.00281  4.98786    7.0486
 0.740708  3.07747  6.68528    7.50939
 0.740618  3.03831  5.8114    7.28323
 0.706224  3.00809  5.45817    7.1666
 0.711286  2.98681  5.2673    7.08064
 0.775762  3.0063  7.06281    7.36241
 0.779062  3.02809  7.59764    7.46392
 0.735688  3.10565  7.4976    7.69375
 0.723136  3.03146  6.51755    7.40657
 0.655182  3.09302  6.33756    7.56753
 0.729976  3.12921  7.13749    7.7008
 0.736284  3.09732  8.78534    7.83253
 0.757878  3.02048  6.26245    7.30766
 0.700124  2.9556  5.67906    7.11286
 0.738425  3.05772  7.09765    7.53162
 0.638719  3.01382  5.93438    7.32931
 0.6394  2.91509  5.24594    6.95361
 0.768207  3.07509  7.67691    7.59407
 0.740493  3.09806  8.1712    7.75428
 0.721667  2.96957  5.43921    7.08049
 0.708931  2.95744  6.11456    7.19697
 0.630437  2.92657  6.20156    7.23636
 0.712951  2.97673  6.23931    7.2557
 0.669762  3.01697  5.1829    7.12293
 0.661651  2.9585  5.83051    7.17862
 0.694925  2.9574  6.31552    7.24939
 0.6471  2.91995  5.84323    7.11812
 0.673306  2.93965  6.66632    7.30843
 0.679254  2.95343  6.00571    7.19401
 0.648277  2.93704  6.20892    7.23821
 0.657404  2.92615  6.52498    7.27492
 0.735544  3.02092  5.62256    7.21528
 0.740006  3.05976  5.63737    7.29534
 0.731456  3.08855  5.69784    7.36864
 0.737331  3.05306  6.2026    7.38418
 0.671239  2.95874  6.11511    7.2359
 0.748816  2.99052  6.47942    7.286
 0.792685  3.00533  6.57207    7.28157
 0.74257  3.08475  5.27142    7.2737
 0.738471  3.01298  6.13059    7.288
 0.721383  2.97  6.80482    7.32701
 0.725975  2.96535  6.43977    7.25275
 0.717188  2.97971  6.82419    7.35642
 0.736724  2.95482  7.05895    7.30946
 0.730192  2.95078  6.85258    7.28107
 0.732058  2.96604  6.68685    7.28586
 0.713616  2.94766  6.26939    7.20052
 0.731747  2.95643  6.66483    7.26263
 0.728545  2.95266  6.59409    7.24784
 0.736493  2.97951  6.08497    7.21252
 0.703427  2.96472  6.2462    7.24204
 0.704411  2.92348  6.5629    7.213
 0.715366  2.98854  6.89547    7.38897
 0.737577  2.96342  6.14615    7.18834
 0.703765  2.96426  6.29082    7.2491
 0.695293  2.96723  6.15378    7.2375
 0.693868  2.97528  6.50541    7.32312
 0.689248  2.94884  6.5794    7.28858
 0.677334  2.97632  6.5753    7.3598
 0.6831  2.98139  6.38784    7.32576
 0.685224  2.99091  6.42108    7.34919
 0.688779  2.97604  6.38199    7.30718
 0.642027  2.84633  6.23082    7.07109
 0.664783  2.95214  6.33747    7.27783
 0.663685  2.85256  6.1656    7.04239
 0.680365  2.78742  6.5977    6.9709
 0.669773  2.90952  6.08252    7.13199
 0.658139  2.96217  5.76434    7.17223
 0.689734  2.97403  6.39665    7.30484
 0.679516  2.84181  6.50618    7.06804
 0.69239  2.98778  6.80255    7.40513
 0.685991  2.96748  6.99554    7.40715
 0.666625  2.93536  5.61946    7.07914
 0.685289  2.98259  6.57011    7.36118
 0.690831  2.97125  6.48741    7.31524
 0.66523  2.93649  5.61228    7.08042
 0.680795  2.97522  6.18684    7.2747
 0.6423  2.96962  5.88474    7.22868
 0.671356  3.01571  5.75189    7.26506
 0.687462  2.99511  6.53403    7.37707
 0.695442  2.97292  6.1134    7.24086
 0.668766  2.92519  5.50633    7.03049
 0.675793  2.96609  6.03377    7.22847
 0.649474  2.8843  6.37767    7.16997
 0.652252  2.94622  6.19462    7.24862
 0.69694  3.01349  6.4353    7.38446
 0.691607  2.99001  6.41322    7.33843
 0.688138  2.97223  6.21625    7.26725
 0.640432  2.906  6.02053    7.14083
 0.657055  2.87274  6.10297    7.07672
 0.627808  2.87402  6.04473    7.09797
 0.669624  2.91038  5.63222    7.03151
 0.66905  2.8752  5.49924    6.93111
 0.652651  2.9018  5.29145    6.93693
 0.65371  2.87308  5.9213    7.03926
 0.672433  2.8884  5.53988    6.96471
 0.696012  2.94791  5.68566    7.10137
 0.691163  2.94161  5.72743    7.1009
 0.688273  2.93154  5.82458    7.10382
 0.676693  2.92968  5.9824    7.14382
 0.674447  2.97936  5.38689    7.10341
 0.306671  3.55793  5.48812    7.95589
 0.546314  2.96669  4.64692    6.82116
 0.685526  2.92822  6.00458    7.13757
 0.365467  3.2615  5.44924    7.6216
 0.68412  2.95794  5.55982    7.09965
 0.677186  2.9216  5.87771    7.10436
 0.388511  3.02455  5.5089    7.34318
 0.618395  2.87466  5.28312    6.89658
 0.474389  3.09507  5.68978    7.49564
 0.271274  3.16567  5.46019    7.51956
 0.307442  3.16338  5.54926    7.57673
 0.666062  3.0265  6.84845    7.53176
 0.670008  3.03486  6.30584    7.4304
 0.670761  3.06002  6.04217    7.42042
 0.71473  3.03895  6.39732    7.41031
 0.629383  2.93693  6.32674    7.28853
 0.66058  2.98874  7.55752    7.59783
 0.699084  2.97813  6.92083    7.39573
 0.697016  2.88857  6.03542    7.05259
 0.65781  3.01061  6.43488    7.42408
 0.699707  2.89208  6.74965    7.18611
 0.698772  2.92005  6.06648    7.12109
 0.65543  3.03611  7.29397    7.65662
 0.679998  2.97565  5.4245    7.10375
 0.670238  2.98125  5.28339    7.08156
 0.675229  2.97048  5.67465    7.15597
 0.695492  2.94836  5.65506    7.09596
 0.618248  3.01166  5.61566    7.24992
 0.603089  2.90834  6.05288    7.19343
 0.639036  2.86449  7.42251    7.36069
 0.642622  3.0111  5.75418    7.27405
 0.625708  2.8682  6.40212    7.17643
 0.663893  3.01035  5.72179    7.25163
 0.679571  2.94429  5.63466    7.09262
 0.665915  3.00398  5.62846    7.21502
 0.685993  2.98839  6.97723    7.44726
 0.731312  2.98721  6.95927    7.37247
 0.701937  2.97299  7.06569    7.40457
 0.714601  2.99598  6.88011    7.40324
 0.730014  2.99126  6.93858    7.37991
 0.702186  2.998  7.03892    7.45216
 0.719207  3.01097  7.01467    7.44915
 0.712832  3.00182  7.05031    7.44527
