 6.25478  6.19165  5.70032
 6.30817  6.2  5.6606
 6.27491  6.18038  5.64192
 6.2506  6.15153  5.63661
 6.43537  6.19224  5.71664
 6.48332  6.26888  5.74666
 6.42677  6.23835  5.71299
 6.32547  6.14297  5.61718
 5.75806  5.90385  5.74196
 5.68075  5.84907  5.69138
 5.72417  5.88441  5.71354
 5.88487  5.97865  5.79188
 6.01238  6.02823  5.85063
 5.97895  6.01821  5.86338
 5.82917  5.90373  5.75861
 5.80426  5.88958  5.75144
 5.64144  5.89457  5.65299
 5.8207  5.90025  5.65667
 5.80635  5.92064  5.64338
 5.88517  5.95948  5.69812
 5.96582  5.97721  5.74063
 6.22025  6.11483  5.88101
 6.14314  6.02229  5.79388
 6.06412  5.99332  5.69757
 6.02093  6.09949  5.75875
 6.1161  6.07481  5.71869
 5.69196  5.29767  5.89753
 5.92036  5.52622  5.92486
 6.87032  6.47525  6.27772
 6.31257  6.26248  6.04101
 6.15992  6.25188  5.62114
 5.88508  6.32477  4.5047
 5.81063  5.97818  5.74455
 5.77171  5.94445  5.71598
 5.81069  5.97819  5.76382
 5.87905  6.02091  5.80653
 5.82458  6.01073  5.77264
 5.82386  6.00132  5.78195
 5.87785  6.05025  5.81431
 5.88965  6.02756  5.80286
 5.73057  5.83001  5.58102
 5.73595  5.8356  5.62173
 5.73351  5.83869  5.65411
 5.77582  5.86885  5.66695
 5.80604  5.89794  5.7011
 5.79771  5.89819  5.683
 5.84325  5.92606  5.76048
 5.77859  5.92006  5.69598
 5.86403  6.03991  5.64913
 6.0905  6.19159  5.80819
 5.90844  6.08512  5.71611
 5.98967  6.12962  5.74201
 5.91464  6.08532  5.70093
 5.96604  6.1047  5.71194
 5.965  6.10069  5.72098
 5.93382  6.07388  5.67657
 5.82213  5.95862  5.82914
 6.01586  6.08141  6.03664
 5.96021  6.01117  6.00909
 6.04181  6.05548  5.98534
 5.35766  6.05973  5.82175
 6.33257  5.44083  6.25124
 6.03345  5.77256  6.10282
 5.9414  5.95696  5.86151
 5.74355  6.02597  5.66981
 5.78594  6.03887  5.71491
 5.82699  6.05884  5.73843
 5.94006  6.15693  5.75661
 5.93306  6.17071  5.75299
 6.09325  6.22291  5.80019
 5.98489  6.17907  5.8089
 5.82061  6.08686  5.75575
 5.79981  6.03386  5.66058
 5.78071  6.01328  5.65589
 5.78497  6.00037  5.65928
 5.82359  6.04972  5.70211
 5.77982  6.01492  5.65857
 5.77325  6.01086  5.65988
 5.78673  6.01343  5.66808
 5.83156  6.05567  5.7113
 5.88804  6.14241  5.83177
 5.96389  6.06757  5.77408
 6.06671  5.96759  5.84829
 6.04101  5.95511  5.81712
 6.10923  6.07949  5.81562
 6.14428  6.12369  5.79231
 6.10555  6.10724  5.7496
 6.27778  6.21095  5.82364
 5.864  6.09594  5.68056
 6.25742  6.50986  5.98809
 5.75456  6.02262  5.64115
 5.78412  6.05336  5.65968
 5.76997  5.99481  5.65533
 5.9022  6.13253  5.75004
 5.74442  6.01338  5.68124
 5.75462  6.05085  5.63354
 5.88974  6.07369  5.76999
 5.95435  6.11671  5.80761
 5.9135  6.07019  5.7794
 5.95858  6.11342  5.81804
 5.94145  6.09759  5.79879
 5.91429  6.07358  5.78516
 5.98438  6.09644  5.82914
 6.02739  6.15143  5.87214
 6.1067  6.18573  5.79231
 5.85689  5.93613  5.66093
 5.82859  5.91063  5.65192
 5.80231  5.87065  5.63907
 5.82635  5.88117  5.66685
 5.8167  5.89691  5.68345
 5.84769  5.93485  5.72757
 5.82261  5.71946  5.69807
 5.22028  5.65534  5.43401
 5.7047  5.9386  5.67793
 5.59155  5.65713  5.50021
 5.70683  6.0484  5.69403
 5.83347  5.86477  5.58362
 5.71272  5.95679  5.77754
 5.76271  6.02759  5.77045
 5.46943  5.84186  5.87157
 5.8495  6.04459  5.58809
 5.8705  6.03798  5.64465
 5.91972  6.07785  5.65606
 6.02926  6.16153  5.81095
 5.81585  6.00417  5.62621
 5.90337  6.0243  5.7055
 5.95297  6.0547  5.73278
 5.86042  5.99147  5.65176
 6.17051  6.16997  5.86197
 5.7735  5.8531  5.69947
 5.87607  5.8816  5.75438
 5.93071  5.92161  5.77175
 5.87468  5.89959  5.77552
 5.82954  5.85476  5.71964
 5.79107  5.85127  5.70519
 5.88666  5.86899  5.74347
 5.93147  6.0531  5.71242
 6.055  6.16389  5.85318
 6.01309  6.14422  5.81419
 5.87245  6.05196  5.76489
 5.86958  6.04311  5.75185
 5.78026  5.9956  5.70937
 5.93368  6.08506  5.78893
 5.99989  6.12675  5.82604
 5.95894  5.9998  5.60763
 6.06615  6.17675  5.65627
 5.95804  6.05333  5.64247
 5.84397  5.92324  5.59809
 5.92688  6.04587  5.6743
 5.76748  5.88614  5.59473
 5.7958  5.92463  5.62009
 5.7424  5.88914  5.57526
 5.93373  6.39993  5.83509
 5.50779  5.70201  5.91573
 5.59936  5.87643  5.79038
 5.73766  6.11649  5.74549
 5.93621  6.09952  5.70113
 5.85163  6.01726  5.72444
 5.67437  5.76626  5.73775
 6.058  6.14534  5.78286
 5.86002  6.12051  5.76205
 6.26193  6.55725  6.13351
 5.95019  6.22403  5.87528
 5.94915  6.21725  5.89957
 5.96826  6.2111  5.88025
 5.85513  6.29468  5.93226
 6.00793  6.20694  5.84662
 5.91956  6.13023  5.82771
 5.75643  6.02187  5.61527
 5.8488  6.09097  5.59623
 5.8323  6.1392  5.6801
 5.89011  6.19694  5.44672
 5.82102  6.19279  5.70844
 5.79572  6.12731  5.64466
 5.79194  6.12888  5.65848
 5.90558  6.19826  5.77378
 6.10317  6.30094  6.0075
 5.92912  6.09594  5.85674
 5.90737  6.09587  5.86664
 5.96621  6.08178  5.87273
 5.96799  6.13481  5.91505
 5.99056  6.0879  5.91007
 6.01598  6.12375  5.94241
 6.03082  6.14386  5.95338
 5.68232  5.95806  5.73409
 5.70548  5.93619  5.72942
 5.73175  5.96496  5.76523
 5.7725  6.01581  5.81215
 5.83064  6.05938  5.83483
 5.82563  6.06991  5.78836
 5.79124  6.03578  5.80272
 5.76682  6.01077  5.80279
 6.1049  6.23779  5.86029
 5.97351  6.21554  5.77777
 5.93542  6.16421  5.73994
 5.91035  6.13626  5.72954
 5.93149  6.17555  5.7373
 5.92678  6.16627  5.71664
 5.92303  6.16784  5.71611
 5.89824  6.16465  5.72032
 5.73374  5.80612  5.44499
 5.73475  5.8238  5.40987
 5.7462  5.92806  5.53797
 5.64769  5.91573  5.52344
 5.75092  5.79175  5.62967
 5.4399  5.69923  5.41316
 5.67492  5.78307  5.42916
 5.70788  5.76102  5.46052
 6.1365  6.27211  5.57643
 5.79023  5.95678  5.50297
 5.77116  5.94273  5.46869
 5.81843  5.98253  5.56455
 5.80252  5.9733  5.55218
 5.89335  6.0677  5.52539
 5.81246  5.98793  5.55564
 5.78035  5.94362  5.4836
 5.90778  6.00959  5.91051
 5.90971  5.95747  5.86673
 6.00356  5.91312  6.03559
 6.07609  6.13229  6.06316
 5.94779  6.05808  5.98315
 6.01895  6.08117  5.99607
 6.11121  6.05847  5.95129
 6.06713  6.08227  5.98646
 5.87145  6.0546  5.76124
 5.88599  6.09989  5.80995
 5.77485  6.01847  5.71795
 5.81134  6.04452  5.74341
 5.9333  6.16368  5.82866
 5.92538  6.12295  5.82161
 5.87822  6.11739  5.80439
 5.90851  6.12541  5.84027
 5.79795  6.17275  5.75431
 5.78351  6.19433  5.72118
 5.76208  6.20218  5.73427
 5.76115  6.17537  5.72486
 5.78701  6.18233  5.76288
 5.78264  6.19035  5.71385
 5.77134  6.17151  5.72547
 5.78442  6.18479  5.73017
 5.64417  5.76118  5.39825
 5.60309  5.73803  5.4771
 5.62054  5.75829  5.50266
 5.58949  5.74697  5.50881
 5.60344  5.74822  5.49978
 5.54847  5.83776  5.5964
 5.69922  5.83385  5.59678
 5.66885  5.80678  5.55734
 6.34851  6.48898  5.7537
 5.73389  5.80563  5.60011
 5.7362  5.97959  5.47185
 5.55511  6.11482  5.70639
 5.68527  5.40052  5.97285
 5.5882  5.49771  5.67855
 5.61182  5.9029  5.53453
 5.65723  5.83636  5.53472
 5.80762  5.95046  5.72069
 6.19097  6.33918  5.97218
 5.74546  5.89831  5.66494
 5.74687  5.88791  5.67475
 5.75629  5.8939  5.69086
 5.80003  5.91481  5.68854
 5.78226  5.91795  5.71364
 5.7532  5.91329  5.67569
 5.8682  6.15866  5.6867
 5.81807  6.12905  5.69984
 5.85704  6.15575  5.74161
 5.85338  6.16099  5.71705
 5.83659  6.14877  5.7219
 5.84067  6.1438  5.71375
 5.82436  6.15259  5.70438
 5.83049  6.19193  5.72897
 5.61559  5.88166  5.56748
 5.60558  5.87624  5.57556
 5.62521  5.89315  5.57523
 5.64871  5.91424  5.61869
 5.6646  5.90532  5.57844
 5.75012  5.9998  5.67686
 5.81819  6.06468  5.76867
 5.76653  5.97083  5.68852
 5.72852  5.97205  5.58546
 5.72644  5.9632  5.58827
 5.7327  5.96681  5.59036
 5.76477  5.99584  5.65777
 5.78299  6.0194  5.65023
 5.80317  6.02219  5.67215
 5.82918  6.00274  5.69241
 5.80186  6.02564  5.68232
 5.82457  5.99118  5.80947
 5.69888  5.92541  5.72716
 5.67406  5.91244  5.74957
 5.46638  5.40982  5.96167
 5.48045  5.54114  6.01509
 5.60834  5.7849  5.84152
 5.57851  5.80196  5.80823
 5.39481  5.49074  6.06315
 5.66697  5.85086  5.65351
 5.62366  5.81801  5.64274
 5.61234  5.9138  5.70625
 5.70512  5.88313  5.70333
 5.68735  5.88585  5.69719
 5.71776  5.88781  5.70042
 5.6915  5.85482  5.68791
 5.63852  5.86726  5.67203
 5.87743  6.10292  5.62125
 5.86451  6.13196  5.74328
 5.80262  6.03919  5.66522
 5.88996  6.12207  5.78572
 5.79188  6.03858  5.68766
 5.90356  6.14045  5.79216
 5.80325  6.00227  5.69781
 5.80257  6.07229  5.72423
 6.06625  5.66614  5.87159
 5.83919  6.17371  5.68138
 5.80418  6.16091  5.67116
 5.76391  6.12784  5.6979
 5.78563  6.17111  5.63837
 5.88126  6.17961  5.65864
 5.85692  6.12624  5.67219
 5.82655  6.13977  5.66044
 5.87033  6.1685  5.69285
 6.01117  6.34038  5.71589
 5.77968  6.10712  5.63696
 5.73576  6.08616  5.57456
 5.83601  6.16529  5.68691
 5.78285  6.13902  5.64482
 5.84037  6.16138  5.68023
 5.80053  6.12937  5.64768
 5.82762  5.94161  5.54982
 5.7927  5.90336  5.57944
 5.85808  5.9686  5.68706
 5.76791  5.91469  5.62489
 5.88438  5.9757  5.68902
 5.9013  5.9888  5.73394
 6.00402  6.09068  5.8216
 5.96616  6.04632  5.76117
 5.64924  6.00358  5.58392
 5.61828  5.97639  5.59663
 5.5817  5.93051  5.55665
 5.62441  5.97149  5.60818
 5.74818  6.06879  5.71269
 5.66186  6.0063  5.67007
 5.60297  5.96629  5.63829
 5.61798  5.96221  5.65562
 5.59152  5.8438  5.61314
 5.64687  5.62677  5.83086
 5.85269  5.77733  5.85204
 5.6216  5.56935  5.76031
 5.65699  5.87307  5.76657
 5.76267  6.00321  5.77334
 5.78269  5.89313  5.75637
 5.64387  5.77605  5.69777
 6.0616  5.52927  5.95001
 5.81782  6.08331  5.77094
 5.8883  6.14526  5.81459
 6.01305  6.18989  5.67907
 5.87675  6.11508  5.76788
 6.03457  6.18423  5.89432
 5.99689  6.13641  5.87342
 6.0472  6.20183  5.86044
 6.00762  6.18137  5.67569
 6.13368  6.27451  5.72537
 6.03644  6.21007  5.65275
 6.12206  6.29181  5.73283
 6.00016  6.23744  5.67086
 6.05517  6.25741  5.69779
 6.04319  6.21828  5.67425
 6.06606  6.25656  5.68123
 5.88068  6.10361  5.70846
 5.74122  6.05131  5.83069
 5.94873  6.16914  5.71316
 5.87783  6.08802  5.77929
 5.85929  6.07843  5.76218
 5.90723  6.09487  5.7916
 5.9166  6.13598  5.83489
 5.91856  6.1172  5.81699
 5.87767  6.00887  5.65137
 5.83547  6.07219  5.67561
 5.73594  6.06954  5.61685
 5.74745  6.10725  5.44222
 6.08095  6.07592  5.42019
 5.88073  6.1797  5.68579
 5.917  6.20224  5.72095
 5.80962  6.23825  5.60611
 5.87029  6.08028  5.7368
 5.88314  6.07588  5.73645
 5.92269  6.10897  5.74479
 5.98058  6.13414  5.77709
 5.98968  6.10418  5.7639
 5.99086  6.17715  5.82439
 5.92529  6.08452  5.78282
 6.00483  6.17543  5.83768
 5.8888  6.04944  5.7541
 5.86679  6.06834  5.78126
 5.91205  6.06383  5.75716
 5.92757  6.08993  5.73246
 5.9204  6.06492  5.72298
 5.95962  6.14847  5.79335
 5.93953  6.12847  5.86567
 5.94562  6.12775  5.77613
 5.70124  5.87605  5.5659
 5.72977  5.90011  5.59968
 5.78857  5.95755  5.68136
 5.77511  5.93828  5.6763
 5.55687  5.93457  5.84247
 5.53003  5.75879  5.83411
 5.75978  5.94394  5.67619
 5.80471  5.95106  5.66853
 6.12476  5.81013  5.90892
 6.08845  6.09398  5.83929
 5.75399  6.07394  5.69608
 5.50875  5.80857  5.87012
 5.78024  6.08424  5.6898
 5.77835  6.09057  5.67796
 5.80928  6.10009  5.73082
 5.72859  6.1103  5.77396
 5.90876  5.96494  5.49925
 5.89807  5.97429  5.52743
 6.03721  6.08207  5.60427
 5.92152  5.97477  5.58458
 5.95853  6.01289  5.59624
 6.06986  6.07934  5.56544
 5.92583  5.97082  5.46351
 6.00398  6.02771  5.48187
 6.64403  6.55171  6.21825
 6.47566  6.44968  6.20811
 6.31877  6.37906  5.93919
 6.48873  6.46561  6.07659
 6.44336  6.44651  5.98835
 6.19268  6.29344  5.92203
 6.42949  6.42169  6.00949
 6.3604  6.42042  5.96092
 5.89685  6.16452  5.7362
 6.14624  6.32712  5.94462
 6.28641  6.38763  6.02253
 6.31757  6.40593  5.98427
 6.06903  5.75654  5.66761
 6.05678  6.30603  5.84313
 5.96605  6.23747  5.79871
 6.03734  6.32006  5.83487
 5.5565  5.67488  5.5394
 5.55474  5.68124  5.53514
 5.58366  5.71417  5.56884
 5.48313  5.99405  5.87803
 5.64886  5.75471  5.64438
 6.00396  5.54183  5.99066
 5.7059  5.83314  5.69676
 5.69957  5.84509  5.68008
 5.72213  5.92886  5.50091
 5.69772  5.91196  5.50951
 5.68538  5.88047  5.5184
 5.73402  5.91833  5.58009
 5.66833  5.88118  5.51005
 5.68058  5.88033  5.51179
 5.75374  5.90965  5.59773
 5.76268  5.93509  5.60549
 5.74237  5.44431  5.79749
 5.5737  5.80811  5.5759
 5.28464  5.72712  5.62477
 5.57429  5.77176  5.62161
 5.70992  5.9201  5.64627
 5.62305  5.88511  5.71711
 5.47806  5.5905  5.95831
 5.78589  5.82024  5.86977
 5.96541  5.9212  5.82647
 5.95674  5.89547  5.82959
 5.98517  5.85885  5.90095
 5.92572  5.84997  5.83665
 5.95076  5.80801  5.88235
 5.93636  5.84267  5.8502
 5.8604  5.78558  5.81024
 5.89673  5.79634  5.82762
 5.72765  5.95789  5.69658
 5.74979  5.98849  5.72082
 5.76749  5.98252  5.71442
 5.54855  5.78151  5.82669
 5.74489  5.95205  5.71176
 5.6312  5.97048  5.70796
 5.72311  5.97  5.67108
 5.80532  6.0383  5.75278
 5.54056  5.5837  5.86347
 5.85146  5.88525  5.75454
 5.73213  5.98324  5.70317
 5.96482  5.93474  5.81464
 5.68016  6.19114  6.02617
 5.62157  5.60953  5.47944
 5.94451  5.98156  5.6716
 5.36073  5.74757  5.80177
 6.215  6.34944  6.07978
 5.89644  6.1828  5.85814
 5.87958  6.05929  5.89543
 6.19895  6.32922  6.08714
 5.56295  5.59747  5.92502
 5.75902  6.08297  5.73122
 5.58375  5.91372  5.7252
 5.94004  5.97603  5.70696
 5.87392  6.14945  5.871
 5.88854  6.20898  5.9651
 5.91831  6.12996  5.93976
 5.84825  6.20015  5.93273
 5.96174  6.18187  5.91971
 5.95046  6.15069  5.89525
 5.92888  6.08606  5.981
 5.88842  6.11047  5.91168
 6.04257  6.11585  5.70572
 5.97681  6.08362  5.6583
 5.99946  6.08018  5.67344
 6.03727  6.16071  5.64229
 6.07898  6.16409  5.68296
 6.03095  6.10319  5.68076
 6.16569  6.19373  5.73458
 6.05821  6.14271  5.72469
 5.80422  6.02309  5.73453
 5.80882  6.01481  5.76454
 5.87258  6.01904  5.78737
 5.80229  5.94951  5.73165
 5.85236  5.99305  5.80333
 5.839  5.9868  5.81458
 5.90237  5.96626  5.81336
 5.84814  5.99509  5.78402
 5.20479  5.0773  5.12978
 5.96157  5.88333  5.46091
 5.94988  5.04463  5.21353
 5.79934  5.46052  5.39786
 5.88066  6.04111  5.58945
 4.90275  4.91535  5.936
 5.69325  5.71956  5.47649
 5.78343  6.04122  5.52493
 5.8093  5.75501  5.5828
 5.90356  5.87021  5.61416
 5.85823  5.87857  5.63457
 5.91827  5.8669  5.63344
 6.0105  5.95368  5.70802
 5.96318  5.89276  5.63179
 5.97577  5.96296  5.66682
 5.94724  5.95142  5.67934
 5.97436  6.08766  6.00839
 5.42752  5.92808  6.03776
 5.69774  5.60887  5.92432
 5.64186  5.49815  6.05935
 5.61262  5.77912  6.11532
 5.78512  5.95766  5.84233
 6.03654  6.04384  5.98171
 6.13084  5.8136  5.8273
 5.78504  5.95232  5.5718
 5.83752  5.98618  5.60906
 5.82732  5.99437  5.61562
 5.82783  5.97966  5.61688
 5.85392  5.98383  5.63266
 5.81791  5.93945  5.63354
 5.85792  5.94306  5.63999
 5.88729  5.96783  5.66429
 5.90752  5.9562  5.65194
 5.79177  6.1763  5.87435
 5.89448  5.89994  5.65269
 5.91573  5.97066  5.66771
 5.9423  5.97856  5.69434
 5.99411  6.00588  5.70939
 6.07649  6.04252  5.78204
 5.97721  6.04881  5.76352
 5.81627  6.14283  5.81152
 5.84884  6.14933  5.83208
 5.95735  6.1371  5.92381
 5.46957  6.05318  5.79518
 5.89587  6.11061  5.90682
 5.9702  6.04164  5.88514
 6.02508  6.04636  6.06142
 5.87074  6.14181  5.86642
 5.72512  5.9869  5.81783
 5.68294  5.94832  5.76199
 5.73106  5.97179  5.79522
 5.74256  6.00921  5.83661
 5.82192  6.03068  5.89976
 5.79504  6.01921  5.88525
 5.77766  6.0194  5.85408
 5.86067  6.01758  5.94001
 5.60737  5.75272  5.91365
 5.86055  6.07926  5.77028
 5.85646  6.08281  5.76769
 5.84835  6.0804  5.7625
 6.09907  6.36727  6.04565
 5.87211  6.08167  5.79927
 5.86435  6.08801  5.79586
 5.89716  6.10565  5.82552
