10637	20140304
10638	20140507
10711	20140826
10717	20140813
10767	20140814
10772	20140527
10811	20140721
10814	20140623
10822	20140619
10873	20140918
10891	20140728
10895	20131204
10997	20140308
11162	20140717
11178	20140310
11216	20141029
11228	20140922
11229	20140521
11243	20140130
11250	20140228
11252	20140213
11253	20140308
11255	20140227
11256	20140314
11258	20140306
11262	20140331
11263	20140307
11265	20141006
11274	20140603
11275	20140527
11277	20140410
11278	20140519
11279	20140423
11280	20140905
11281	20140416
11282	20141111
11287	20140528
11288	20140602
11298	20140702
11302	20140919
11304	20140812
11305	20140805
11310	20140731
11311	20140819
11313	20140918
11314	20140916
11315	20140822
11316	20140818
11317	20140829
11318	20140828
11319	20140904
11321	20140925
11322	20140904
11323	20141126
11324	20141023
11325	20141007
11326	20140922
11328	20141113
11329	20141014
11331	20141024
11335	20141111
11336	20141204
11337	20141117
11338	20141213
11342	20150228
11343	20141213
11344	20141209
11345	20141211
11346	20150131
11347	20141205
11350	20150112
11353	20150124
11366	20150425
